1	1010	1	0101	2	010103	\N
2	1083	1	0101	2	010104	\N
3	1010	1	0101	2	010105	\N
4	1090	1	0101	2	010106	\N
5	1020	1	0101	2	010107	\N
6	1020	1	0101	2	010108	\N
54	6023	3	0308	46	030802	2013-06-12
8	1090	1	0101	2	010110	\N
9	1010	1	0101	2	010111	\N
10	1020	1	0101	2	010112	\N
11	1010	1	0101	2	010114	\N
12	1010	1	0101	2	010115	\N
13	1010	1	0101	2	010116	\N
14	1020	1	0101	2	010117	\N
15	1020	1	0101	2	010118	\N
16	1020	1	0101	2	010119	\N
17	1010	1	0101	2	010120	\N
19	1030	1	0101	2	010122	\N
20	7101	2	0202	9	020201	\N
21	7101	2	0202	10	020202	\N
22	7101	2	0202	8	020203	\N
23	7101	2	0203	13	020301	\N
24	7101	2	0203	13	020302	\N
25	7101	2	0203	11	020303	\N
26	7101	2	0203	12	020304	\N
27	7101	2	0204	16	020401	\N
28	7101	2	0204	14	020403	\N
29	7101	2	0204	17	020404	\N
30	7101	2	0205	19	020501	\N
31	7101	2	0205	18	020502	\N
32	7101	2	0206	20	020601	\N
33	7101	2	0206	21	020602	\N
34	7101	2	0206	22	020603	\N
35	6003	3	0301	27	030101	\N
36	6001	3	0301	28	030102	\N
37	6002	3	0302	29	030201	\N
38	6001	3	0302	30	030202	\N
39	6022	3	0303	32	030301	\N
40	6001	3	0303	33	030302	\N
41	6001	3	0303	31	030303	\N
42	6032	3	0304	35	030401	\N
43	6001	3	0304	34	030402	\N
44	6052	3	0305	40	030501	\N
45	6001	3	0305	36	030502	\N
46	6001	3	0305	37	030503	\N
47	6001	3	0305	38	030504	\N
48	6001	3	0305	39	030505	\N
49	6014	3	0306	41	030601	\N
1011	4004	23	2317	979	231702	2013-06-13
51	8013	3	0307	44	030701	\N
52	6001	3	0307	43	030702	\N
53	6023	3	0308	46	030801	\N
55	6020	3	0309	47	030901	\N
56	6001	3	0309	48	030902	\N
57	6001	3	0310	49	031001	\N
58	6001	3	0310	52	031002	\N
59	6001	3	0310	50	031003	\N
60	6001	3	0310	51	031004	\N
61	6001	3	0310	53	031005	\N
62	6057	3	0310	54	031006	\N
63	6048	3	0311	56	031101	\N
64	6001	3	0311	55	031102	\N
65	6001	3	0311	57	031103	\N
66	6008	3	0312	58	031201	\N
67	6012	3	0312	59	031202	\N
68	6001	3	0312	60	031203	\N
69	6007	3	0313	61	031301	\N
70	6001	3	0313	62	031302	\N
71	6001	3	0313	63	031303	\N
72	6001	3	0313	64	031304	\N
73	6022	3	0314	65	031401	\N
74	6022	3	0314	66	031402	\N
75	6005	3	0316	69	031601	\N
76	6001	3	0316	68	031602	\N
77	6027	3	0317	71	031701	\N
78	6027	3	0317	70	031702	\N
79	6001	3	0318	72	031801	\N
80	6001	3	0318	72	031802	\N
81	6001	3	0318	73	031803	\N
82	6001	3	0318	74	031804	\N
83	6001	3	0318	75	031805	\N
84	6001	3	0318	76	031806	\N
85	6050	3	0319	77	031901	\N
86	2350	3	0320	78	032001	\N
87	6001	3	0320	79	032002	\N
88	6016	3	0321	80	032101	\N
89	6016	3	0321	80	032102	\N
90	7002	4	0401	81	040101	\N
91	7003	4	0401	82	040102	\N
92	7001	4	0401	84	040103	\N
93	7001	4	0401	85	040104	\N
94	7001	4	0401	83	040105	\N
95	7001	4	0401	86	040106	\N
96	7007	4	0402	87	040201	\N
97	7005	4	0403	88	040301	\N
98	7010	4	0403	90	040302	\N
99	7001	4	0403	91	040303	\N
100	0000	4	0403	89	040304	\N
101	7001	4	0403	92	040305	\N
102	0000	4	0404	95	040401	\N
103	0000	4	0404	97	040402	\N
104	0000	4	0404	93	040403	\N
105	0000	4	0404	94	040404	\N
106	0000	4	0404	96	040405	\N
107	7004	4	0405	99	040501	\N
108	0000	4	0405	98	040502	\N
109	7001	4	0405	100	040503	\N
110	7011	4	0406	101	040601	\N
111	7001	4	0406	102	040602	\N
112	7001	4	0407	105	040701	\N
113	0000	4	0407	104	040702	\N
114	7001	4	0407	103	040703	\N
115	7001	4	0407	106	040704	\N
116	2335	5	0502	108	050201	\N
123	2117	5	0507	120	050701	\N
127	2338	5	0509	125	050901	\N
131	2115	5	0511	132	051101	\N
137	2101	5	0512	134	051202	\N
138	2122	5	0513	136	051301	\N
140	2301	5	0515	138	051501	\N
144	2126	5	0516	146	051601	\N
145	2128	5	0516	143	051602	\N
149	2103	5	0517	149	051701	\N
152	5224	6	0601	151	060101	\N
153	5201	6	0601	152	060102	\N
154	5216	6	0602	155	060201	\N
155	5201	6	0602	153	060202	\N
156	5216	6	0602	154	060203	\N
157	2201	6	0603	156	060301	\N
158	2201	6	0603	157	060302	\N
159	2312	6	0603	158	060303	\N
160	5201	6	0603	159	060304	\N
161	5201	6	0604	160	060401	\N
162	5067	6	0604	164	060402	\N
163	5203	6	0604	165	060403	\N
164	5201	6	0604	166	060404	\N
165	5201	6	0604	167	060405	\N
166	5201	6	0604	168	060406	\N
167	5201	6	0604	160	060407	\N
168	5201	6	0604	160	060408	\N
169	5201	6	0604	160	060409	\N
170	5201	6	0604	160	060410	\N
171	5201	6	0604	160	060411	\N
172	5201	6	0604	162	060412	\N
173	5201	6	0604	161	060413	\N
174	5201	6	0604	163	060414	\N
175	5206	6	0605	170	060501	\N
176	5208	6	0605	169	060502	\N
177	5207	6	0605	171	060503	\N
178	5201	6	0606	172	060601	\N
179	5201	6	0606	173	060602	\N
180	5201	6	0606	174	060603	\N
181	5210	6	0607	178	060701	\N
182	5201	6	0607	176	060702	\N
183	5201	6	0607	175	060703	\N
184	5201	6	0607	177	060704	\N
185	5213	6	0608	182	060801	\N
186	5201	6	0608	179	060802	\N
187	5201	6	0608	180	060803	\N
188	5201	6	0608	181	060804	\N
189	5214	6	0609	183	060901	\N
190	5201	6	0609	185	060902	\N
191	5201	6	0609	184	060903	\N
192	5220	6	0610	188	061001	\N
193	5217	6	0610	187	061002	\N
194	5201	6	0610	189	061003	\N
195	5219	6	0610	190	061004	\N
196	5221	6	0611	191	061101	\N
197	5201	6	0611	192	061102	\N
198	5201	6	0611	193	061103	\N
199	5201	6	0611	194	061104	\N
200	5201	6	0612	195	061201	\N
201	5201	6	0612	197	061202	\N
202	5201	6	0612	196	061203	\N
203	8050	7	0701	198	070101	\N
204	8050	7	0701	198	070102	\N
205	8050	7	0701	198	070103	\N
206	8050	7	0701	198	070104	\N
207	8050	7	0701	198	070105	\N
208	8050	7	0701	198	070106	\N
209	8050	7	0701	198	070107	\N
210	8050	7	0701	198	070108	\N
211	8001	7	0701	200	070109	\N
212	8001	7	0701	199	070110	\N
213	8007	7	0702	201	070201	\N
214	8001	7	0702	204	070202	\N
215	8001	7	0702	206	070203	\N
216	8001	7	0702	202	070204	\N
217	8001	7	0702	203	070205	\N
218	8001	7	0702	205	070206	\N
219	8011	7	0704	209	070401	\N
220	8001	7	0704	208	070402	\N
221	8001	7	0705	211	070501	\N
222	8001	7	0705	211	070502	\N
223	8001	7	0705	211	070503	\N
224	8001	7	0705	211	070504	\N
225	8001	7	0705	211	070505	\N
226	8001	7	0705	211	070506	\N
227	8001	7	0705	210	070507	\N
228	8001	7	0705	213	070508	\N
229	8001	7	0705	212	070509	\N
230	8052	7	0706	216	070601	\N
231	8050	7	0706	215	070602	\N
232	8050	7	0706	214	070603	\N
233	8003	7	0707	217	070701	\N
234	8001	7	0707	218	070702	\N
235	8001	7	0707	219	070703	\N
236	8001	7	0707	220	070704	\N
237	8050	7	0708	222	070801	\N
238	8050	7	0708	221	070802	\N
239	8057	7	0709	225	070901	\N
240	8050	7	0709	223	070902	\N
241	8001	7	0709	224	070903	\N
242	8009	7	0710	229	071001	\N
243	8001	7	0710	226	071002	\N
244	8001	7	0710	227	071003	\N
245	8001	7	0710	228	071004	\N
246	8001	7	0710	230	071005	\N
247	2040	8	0801	232	080101	\N
248	2040	8	0801	233	080102	\N
249	2044	8	0801	234	080103	\N
250	2010	8	0802	237	080201	\N
251	2001	8	0802	235	080202	\N
252	2003	8	0802	236	080203	\N
253	2001	8	0803	238	080301	\N
254	2001	8	0803	238	080302	\N
255	2015	8	0804	239	080401	\N
256	2015	8	0804	239	080402	\N
257	2015	8	0804	240	080403	\N
258	2051	8	0805	241	080501	\N
259	2051	8	0805	242	080502	\N
260	2035	8	0806	243	080601	\N
261	2035	8	0806	243	080602	\N
263	2041	8	0808	245	080801	\N
264	2042	8	0809	246	080901	\N
265	2005	8	0810	247	081001	\N
266	2050	8	0811	250	081101	\N
267	2050	8	0811	250	081102	\N
268	2050	8	0811	250	081103	\N
269	2050	8	0811	250	081104	\N
270	2050	8	0811	250	081105	\N
271	2050	8	0811	250	081106	\N
272	2050	8	0811	248	081107	\N
273	2050	8	0811	249	081108	\N
274	2006	8	0812	251	081201	\N
275	2018	8	0813	252	081301	\N
276	2001	8	0814	254	081401	\N
277	2001	8	0814	254	081402	\N
278	2001	8	0814	254	081403	\N
279	2001	8	0814	254	081405	\N
280	2001	8	0814	254	081406	\N
281	2001	8	0814	254	081407	\N
282	2001	8	0814	254	081408	\N
283	2209	9	0901	256	090101	\N
284	2201	9	0901	255	090102	\N
285	2209	9	0902	257	090201	\N
286	2213	9	0903	258	090301	\N
287	2201	9	0903	259	090302	\N
288	2207	9	0904	261	090401	\N
289	2207	9	0904	260	090402	\N
290	2214	9	0905	262	090501	\N
291	2216	9	0906	264	090601	\N
292	2216	9	0906	263	090602	\N
293	2204	9	0907	265	090701	\N
294	2201	9	0908	268	090801	\N
295	2203	9	0908	266	090802	\N
296	2203	9	0908	267	090803	\N
297	2206	9	0909	269	090901	\N
298	6401	10	1001	273	100101	\N
299	6401	10	1001	274	100102	\N
300	6401	10	1001	272	100103	\N
301	6401	10	1001	270	100104	\N
302	6401	10	1001	275	100105	\N
303	6401	10	1001	271	100106	\N
304	6401	10	1002	280	100201	\N
305	6401	10	1002	277	100202	\N
306	6401	10	1002	278	100203	\N
307	6401	10	1002	276	100204	\N
308	6401	10	1002	279	100205	\N
309	6401	10	1003	282	100301	\N
310	6401	10	1003	281	100302	\N
311	6401	10	1004	288	100401	\N
312	6401	10	1004	284	100402	\N
313	6401	10	1004	283	100403	\N
314	6401	10	1004	290	100404	\N
315	6401	10	1004	286	100405	\N
316	6401	10	1004	289	100406	\N
317	6401	10	1004	287	100407	\N
318	6401	10	1004	285	100408	\N
319	2054	11	1101	294	110101	\N
320	4101	11	1101	291	110102	\N
321	4101	11	1101	293	110103	\N
322	4101	11	1101	292	110104	\N
964	4033	23	2309	943	230904	2013-06-13
327	4101	11	1103	298	110302	\N
328	4118	11	1103	299	110303	\N
329	4101	11	1103	301	110304	\N
330	4101	11	1103	302	110305	\N
331	4101	11	1103	303	110306	\N
332	4102	11	1105	306	110501	\N
333	4102	11	1105	306	110502	\N
334	4154	11	1105	305	110503	\N
336	4132	11	1106	311	110601	\N
341	4137	11	1108	315	110801	\N
346	4101	11	1109	327	110901	\N
347	4101	11	1109	320	110902	\N
348	4102	11	1109	321	110903	\N
349	4101	11	1109	322	110904	\N
350	4101	11	1109	325	110905	\N
351	4101	11	1109	326	110906	\N
352	4102	11	1109	319	110907	\N
353	4101	11	1109	323	110908	\N
354	4101	11	1109	324	110909	\N
355	4152	11	1110	329	111001	\N
360	4110	11	1111	335	111101	\N
361	4110	11	1111	333	111102	\N
362	4101	11	1111	334	111103	\N
363	4101	11	1112	337	111201	\N
364	4101	11	1112	336	111202	\N
365	4117	11	1113	339	111301	\N
366	4101	11	1113	338	111302	\N
367	4117	11	1113	340	111303	\N
371	4101	11	1114	341	111404	\N
372	4101	11	1114	342	111405	\N
373	4101	11	1114	343	111406	\N
374	4101	11	1114	344	111407	\N
375	2054	11	1115	347	111501	\N
376	4101	11	1115	346	111502	\N
377	4101	11	1115	348	111503	\N
379	4101	11	1117	352	111702	\N
380	4101	11	1117	351	111703	\N
381	4103	11	1118	353	111801	\N
382	4101	11	1118	354	111802	\N
383	4101	11	1120	357	112001	\N
384	4101	11	1120	356	112002	\N
385	4114	11	1121	358	112101	\N
387	4101	11	1123	363	112301	\N
388	4101	11	1123	361	112302	\N
389	4101	11	1123	362	112303	\N
390	4101	11	1124	365	112401	\N
391	4101	11	1124	364	112402	\N
397	2301	12	1201	371	120101	\N
398	2301	12	1201	372	120102	\N
399	2301	12	1201	373	120103	\N
400	2358	12	1202	374	120201	\N
401	2355	12	1203	375	120301	\N
402	2301	12	1204	377	120401	\N
403	2301	12	1204	376	120402	\N
404	2350	12	1205	379	120501	\N
405	2301	12	1205	378	120502	\N
406	2356	12	1206	381	120601	\N
407	8007	12	1206	380	120602	\N
408	2301	12	1206	382	120603	\N
409	2319	12	1207	383	120701	\N
410	2301	12	1207	384	120702	\N
411	2312	12	1208	385	120801	\N
412	2303	12	1208	386	120802	\N
413	2304	12	1208	387	120803	\N
414	2316	12	1208	388	120804	\N
415	2320	12	1209	389	120901	\N
416	2301	12	1209	390	120902	\N
417	2301	12	1209	391	120903	\N
418	2301	12	1209	392	120904	\N
419	2301	12	1209	394	120905	\N
420	2301	12	1209	395	120906	\N
421	2301	12	1209	393	120907	\N
422	2302	12	1210	397	121001	\N
423	2301	12	1210	398	121002	\N
424	2301	12	1210	399	121003	\N
425	2301	12	1210	396	121004	\N
426	2301	12	1211	401	121101	\N
427	2301	12	1211	400	121102	\N
428	2301	12	1212	404	121201	\N
429	2301	12	1212	402	121202	\N
430	2301	12	1212	403	121203	\N
431	2301	12	1213	405	121301	\N
432	2354	12	1214	407	121401	\N
433	2301	12	1214	406	121402	\N
434	2332	12	1215	409	121501	\N
435	2301	12	1215	408	121502	\N
436	3028	13	1301	412	130101	\N
928	4030	23	2301	915	230101	2013-06-13
929	4030	23	2301	916	230102	2013-06-13
439	3025	13	1302	413	130201	\N
441	3001	13	1303	415	130301	\N
442	3001	13	1303	415	130302	\N
443	3001	13	1303	415	130303	\N
444	3001	13	1303	415	130304	\N
445	3001	13	1303	415	130305	\N
446	3001	13	1303	415	130306	\N
447	3001	13	1303	415	130307	\N
449	3001	13	1303	417	130309	\N
450	3009	13	1303	418	130310	\N
451	3061	13	1304	424	130401	\N
378	4164	11	1117	350	111701	2013-06-12
453	3063	13	1304	421	130403	\N
370	4101	11	1114	345	111403	2013-06-12
448	3004	13	1303	415	130308	2013-06-12
459	3001	13	1305	429	130501	\N
463	3058	13	1305	432	130505	\N
464	3058	13	1305	433	130506	\N
467	3023	13	1306	436	130601	\N
470	3015	13	1307	440	130701	\N
473	3050	13	1308	446	130801	\N
490	3032	13	1309	461	130901	\N
494	5145	14	1401	462	140101	\N
495	5145	14	1401	462	140102	\N
496	5145	14	1401	462	140103	\N
497	5145	14	1401	464	140104	\N
498	5101	14	1401	466	140105	\N
499	5101	14	1401	465	140106	\N
500	5145	14	1401	463	140107	\N
501	5142	14	1403	470	140301	\N
502	5141	14	1403	468	140302	\N
503	5101	14	1403	469	140303	\N
504	5101	14	1404	471	140401	\N
505	5101	14	1404	472	140402	\N
506	5154	14	1405	473	140501	\N
507	5101	14	1405	474	140502	\N
508	5112	14	1405	475	140503	\N
509	5101	14	1405	476	140504	\N
510	5101	14	1405	477	140505	\N
511	5106	14	1405	479	140506	\N
512	5105	14	1405	478	140507	\N
513	5111	14	1406	481	140601	\N
514	5111	14	1406	481	140602	\N
515	5111	14	1406	481	140603	\N
516	5110	14	1406	480	140604	\N
517	5107	14	1406	482	140605	\N
518	5112	14	1406	483	140606	\N
519	5101	14	1406	484	140607	\N
520	5101	14	1407	486	140701	\N
521	5101	14	1407	485	140702	\N
522	5131	14	1408	488	140801	\N
523	5138	14	1408	487	140802	\N
524	5134	14	1409	489	140901	\N
525	5134	14	1409	490	140902	\N
526	5101	14	1409	491	140903	\N
527	5101	14	1410	492	141001	\N
528	5101	14	1410	493	141002	\N
529	5101	14	1411	495	141101	\N
530	3101	14	1411	494	141102	\N
531	5101	14	1412	498	141201	\N
532	5101	14	1412	498	141207	\N
533	5101	14	1412	498	141208	\N
534	5101	14	1412	496	141214	\N
535	5101	14	1412	497	141215	\N
536	3112	14	1413	502	141301	\N
537	3112	14	1413	499	141302	\N
538	5101	14	1413	500	141303	\N
539	5114	14	1413	501	141304	\N
540	5101	14	1414	505	141401	\N
541	5101	14	1414	503	141402	\N
542	5101	14	1414	504	141403	\N
543	5130	14	1417	510	141701	\N
544	5101	14	1417	508	141702	\N
545	5101	14	1417	509	141703	\N
546	5129	14	1417	511	141704	\N
547	5130	14	1417	512	141705	\N
548	5133	14	1418	513	141801	\N
549	5143	14	1418	514	141802	\N
550	5138	14	1420	519	142001	\N
551	5138	14	1420	516	142002	\N
552	5101	14	1420	517	142003	\N
553	5138	14	1420	518	142004	\N
554	5108	14	1420	520	142005	\N
555	5138	14	1420	521	142006	\N
556	5143	14	1421	522	142101	\N
557	5143	14	1421	522	142102	\N
558	5143	14	1421	522	142103	\N
559	5143	14	1421	522	142104	\N
560	5101	14	1422	524	142201	\N
561	5101	14	1422	525	142202	\N
562	3141	14	1422	523	142203	\N
563	3101	14	1422	526	142204	\N
564	5144	14	1423	528	142301	\N
565	5101	14	1423	527	142302	\N
566	1246	15	1501	531	150101	\N
567	0000	15	1501	529	150102	\N
568	0000	15	1501	533	150103	\N
569	1225	15	1501	530	150104	\N
570	1225	15	1501	532	150105	\N
571	0000	15	1501	534	150106	\N
572	0000	15	1501	535	150107	\N
573	0000	15	1501	536	150108	\N
574	1235	15	1502	538	150201	\N
575	0000	15	1502	537	150202	\N
576	1080	15	1503	539	150301	\N
577	1061	15	1503	539	150302	\N
578	1080	15	1503	539	150303	\N
579	1231	15	1504	543	150401	\N
580	1232	15	1504	542	150402	\N
581	1228	15	1504	544	150403	\N
582	1228	15	1505	545	150501	\N
583	1203	15	1506	546	150601	\N
584	1060	15	1507	547	150701	\N
585	1210	15	1508	548	150801	\N
586	0000	15	1508	549	150802	\N
587	1083	15	1509	550	150901	\N
588	1201	15	1510	553	151001	\N
589	0000	15	1510	551	151002	\N
590	1204	15	1510	555	151003	\N
591	0000	15	1510	552	151004	\N
592	1201	15	1510	554	151005	\N
593	1204	15	1510	556	151006	\N
594	1211	15	1510	557	151007	\N
595	1215	15	1511	559	151101	\N
596	1215	15	1511	558	151102	\N
597	1209	15	1512	561	151201	\N
598	1209	15	1512	560	151202	\N
599	1209	15	1512	562	151203	\N
600	1204	15	1513	563	151301	\N
601	1236	15	1514	566	151401	\N
602	1243	15	1514	564	151402	\N
603	1236	15	1514	568	151403	\N
604	1236	15	1514	565	151404	\N
605	1243	15	1514	567	151405	\N
606	1214	15	1515	569	151501	\N
607	1238	15	1516	570	151601	\N
608	1245	15	1516	571	151602	\N
609	1220	15	1517	572	151701	\N
610	1212	15	1518	574	151801	\N
611	1212	15	1518	573	151802	\N
612	1073	15	1519	575	151901	\N
613	1073	15	1519	575	151902	\N
614	1073	15	1519	575	151903	\N
615	1073	15	1519	575	151904	\N
616	1073	15	1519	575	151905	\N
617	1211	15	1520	580	152001	\N
618	1211	15	1520	581	152002	\N
619	1221	15	1521	583	152101	\N
620	1221	15	1521	582	152102	\N
621	6219	16	1601	584	160101	\N
622	6219	16	1601	585	160102	\N
623	6210	16	1604	588	160401	\N
624	6201	16	1604	589	160402	\N
625	6210	16	1604	590	160403	\N
626	6201	16	1604	591	160404	\N
627	6201	16	1604	592	160405	\N
628	6224	16	1604	593	160406	\N
629	6209	16	1605	595	160501	\N
630	6201	16	1605	594	160502	\N
631	6226	16	1605	596	160503	\N
632	6207	16	1605	597	160504	\N
634	6213	16	1606	598	160602	\N
635	6223	16	1607	603	160701	\N
636	6201	16	1607	600	160702	\N
637	6201	16	1607	601	160703	\N
638	6201	16	1607	602	160704	\N
639	6203	16	1608	608	160801	\N
641	6201	16	1608	605	160808	\N
643	6201	16	1608	607	160810	\N
646	6201	16	1609	610	160902	\N
647	6201	16	1609	612	160903	\N
648	6201	16	1609	613	160904	\N
649	6214	16	1609	614	160905	\N
650	6215	16	1609	615	160906	\N
651	6201	16	1609	616	160907	\N
653	6201	16	1610	617	161002	\N
654	6208	16	1612	620	161201	\N
655	6201	16	1612	621	161202	\N
656	6320	17	1703	626	170301	\N
657	6301	17	1703	625	170302	\N
658	6301	17	1704	627	170401	\N
659	6301	17	1704	628	170402	\N
660	6301	17	1705	632	170501	\N
661	6301	17	1705	630	170502	\N
662	6301	17	1705	633	170503	\N
663	6301	17	1705	631	170504	\N
664	6301	17	1705	629	170505	\N
665	6316	17	1706	635	170601	\N
666	6301	17	1706	634	170602	\N
667	6309	17	1707	636	170701	\N
668	6301	17	1707	637	170702	\N
669	6304	17	1709	640	170901	\N
670	6301	17	1709	639	170902	\N
671	6318	17	1710	642	171001	\N
672	6301	17	1710	641	171002	\N
673	6321	17	1711	644	171101	\N
674	6301	17	1711	643	171102	\N
675	3303	18	1802	646	180201	\N
676	3303	18	1802	647	180202	\N
677	3305	18	1803	648	180301	\N
678	3350	18	1803	649	180302	\N
679	3350	18	1804	651	180401	\N
680	3357	18	1804	650	180402	\N
681	3350	18	1804	654	180403	\N
682	3350	18	1804	652	180404	\N
683	3350	18	1804	653	180405	\N
684	3354	18	1805	655	180501	\N
685	3350	18	1805	657	180502	\N
686	3350	18	1805	656	180503	\N
687	3357	18	1806	658	180601	\N
688	3350	18	1806	659	180602	\N
689	3352	18	1807	662	180701	\N
690	3350	18	1807	660	180702	\N
691	3352	18	1807	661	180703	\N
692	3301	18	1808	663	180801	\N
693	3301	18	1808	665	180802	\N
694	3304	18	1808	666	180803	\N
695	3350	18	1808	664	180804	\N
696	3353	18	1809	668	180901	\N
697	3350	18	1809	667	180902	\N
698	3355	18	1810	669	181001	\N
699	3350	18	1810	670	181002	\N
700	3306	18	1811	672	181101	\N
701	3350	18	1811	673	181102	\N
702	3350	18	1811	671	181103	\N
703	3350	18	1812	674	181201	\N
704	3350	18	1812	675	181202	\N
705	3351	18	1813	676	181301	\N
706	3354	18	1813	677	181302	\N
707	3350	18	1813	680	181303	\N
708	3350	18	1813	678	181304	\N
709	3350	18	1813	679	181305	\N
710	3350	18	1813	681	181306	\N
711	3309	18	1814	685	181401	\N
712	3301	18	1814	683	181402	\N
713	3350	18	1814	684	181403	\N
714	3317	18	1814	682	181404	\N
715	6168	19	1901	686	190101	\N
716	6150	19	1901	687	190102	\N
717	6167	19	1902	689	190201	\N
718	6168	19	1902	688	190202	\N
719	6164	19	1903	692	190301	\N
720	6150	19	1903	694	190302	\N
721	6163	19	1903	690	190303	\N
722	6163	19	1903	691	190304	\N
723	6150	19	1903	693	190305	\N
724	6152	19	1904	695	190401	\N
725	6150	19	1904	696	190402	\N
726	6150	19	1904	699	190403	\N
727	6150	19	1904	697	190404	\N
728	6150	19	1904	700	190405	\N
729	6150	19	1904	698	190406	\N
730	6150	19	1905	702	190501	\N
731	6150	19	1905	701	190502	\N
732	6150	19	1905	701	190503	\N
733	6150	19	1905	701	190504	\N
734	6150	19	1905	701	190505	\N
735	6155	19	1907	706	190701	\N
736	6150	19	1907	704	190702	\N
737	6150	19	1907	705	190703	\N
738	6102	19	1908	707	190801	\N
739	6101	19	1908	708	190802	\N
740	6150	19	1908	709	190803	\N
741	6154	19	1909	711	190901	\N
742	6150	19	1909	710	190902	\N
743	6156	19	1910	713	191001	\N
744	6101	19	1910	712	191002	\N
745	6156	19	1910	714	191003	\N
746	6156	19	1910	715	191004	\N
747	6150	19	1910	716	191005	\N
748	6106	19	1912	720	191201	\N
749	6106	19	1912	718	191202	\N
750	6106	19	1912	719	191203	\N
751	6101	19	1912	721	191204	\N
752	6101	19	1912	723	191205	\N
753	6106	19	1912	722	191206	\N
754	6126	19	1913	725	191301	\N
755	6150	19	1913	726	191302	\N
756	6101	19	1913	724	191303	\N
757	6150	19	1913	727	191304	\N
758	6150	19	1913	728	191305	\N
759	6101	19	1914	730	191401	\N
760	6101	19	1914	730	191402	\N
761	6101	19	1914	730	191403	\N
762	6101	19	1914	729	191404	\N
763	6150	19	1914	733	191405	\N
764	6101	19	1914	732	191406	\N
765	6161	19	1915	734	191501	\N
766	6150	19	1915	736	191502	\N
767	6150	19	1915	735	191503	\N
768	6150	19	1915	737	191504	\N
769	5003	20	2003	740	200301	\N
770	5003	20	2003	741	200302	\N
771	5003	20	2003	742	200303	\N
772	5007	20	2004	746	200401	\N
773	5001	20	2004	745	200402	\N
774	5001	20	2004	743	200403	\N
775	5030	20	2004	744	200404	\N
776	5017	20	2005	749	200501	\N
777	5001	20	2005	748	200502	\N
778	5001	20	2005	747	200503	\N
779	5032	20	2007	753	200701	\N
780	5001	20	2007	751	200702	\N
781	5001	20	2007	752	200703	\N
782	5020	20	2009	756	200901	\N
783	5020	20	2009	755	200902	\N
784	5020	20	2009	757	200903	\N
785	5001	20	2011	759	201101	\N
786	5001	20	2011	760	201102	\N
787	5009	20	2011	761	201103	\N
788	5022	20	2012	762	201201	\N
789	5022	20	2012	763	201202	\N
790	5022	20	2012	764	201203	\N
791	5030	20	2014	768	201401	\N
792	5030	20	2014	767	201402	\N
793	5001	20	2014	769	201403	\N
794	5001	20	2014	766	201404	\N
795	5001	20	2015	770	201501	\N
796	5010	20	2015	772	201502	\N
797	5001	20	2015	771	201503	\N
798	5002	20	2016	773	201601	\N
799	5001	20	2016	775	201602	\N
800	5001	20	2016	774	201603	\N
801	5001	20	2016	776	201604	\N
802	5036	20	2017	778	201701	\N
803	5033	20	2017	777	201702	\N
804	5038	20	2019	780	201901	\N
805	5001	20	2019	781	201902	\N
806	5048	20	2020	783	202001	\N
807	5048	20	2020	782	202002	\N
808	5038	20	2022	787	202201	\N
809	5001	20	2022	785	202202	\N
810	5001	20	2022	786	202203	\N
811	5001	20	2023	789	202301	\N
812	5001	20	2023	789	202302	\N
813	5052	20	2023	789	202302	\N
814	5051	20	2023	789	202303	\N
815	5050	20	2023	789	202304	\N
816	5001	20	2023	788	202305	\N
817	5001	20	2026	793	202601	\N
818	5001	20	2026	792	202602	\N
819	5001	20	2026	794	202603	\N
820	5058	20	2028	799	202801	\N
821	5001	20	2028	796	202802	\N
822	5001	20	2028	797	202803	\N
823	5001	20	2028	798	202804	\N
824	3113	21	2101	804	210101	\N
825	3150	21	2101	801	210102	\N
826	3150	21	2101	803	210103	\N
827	3150	21	2101	802	210104	\N
828	3103	21	2102	806	210201	\N
829	3150	21	2102	808	210202	\N
830	3150	21	2102	811	210203	\N
831	3150	21	2102	805	210204	\N
832	3115	21	2102	807	210205	\N
833	3101	21	2102	810	210206	\N
834	3150	21	2102	809	210207	\N
835	3150	21	2102	816	210208	\N
836	3118	21	2102	812	210209	\N
837	3103	21	2102	814	210210	\N
838	3119	21	2102	813	210211	\N
839	3101	21	2102	815	210212	\N
840	3101	21	2103	819	210301	\N
841	3150	21	2103	817	210302	\N
842	3150	21	2103	818	210303	\N
843	3124	21	2104	821	210401	\N
844	3150	21	2104	823	210402	\N
845	3157	21	2104	820	210403	\N
846	3129	21	2104	826	210404	\N
847	3128	21	2104	824	210405	\N
848	3101	21	2104	825	210406	\N
849	3150	21	2104	822	210407	\N
850	3123	21	2105	827	210501	\N
851	3125	21	2105	828	210502	\N
852	3150	21	2105	830	210503	\N
853	3150	21	2105	829	210504	\N
854	3101	21	2105	831	210505	\N
855	3105	21	2106	833	210601	\N
856	3105	21	2106	832	210602	\N
857	3135	21	2106	835	210603	\N
858	3150	21	2106	834	210604	\N
859	3150	21	2107	836	210701	\N
860	3101	21	2107	837	210702	\N
861	3150	21	2107	838	210703	\N
862	3116	21	2108	839	210801	\N
863	3147	21	2108	840	210802	\N
864	3127	21	2109	842	210901	\N
865	3150	21	2109	844	210902	\N
866	3108	21	2109	841	210903	\N
867	3150	21	2109	843	210904	\N
868	3107	21	2110	848	211001	\N
869	3101	21	2110	846	211002	\N
870	3150	21	2110	845	211003	\N
871	3101	21	2110	847	211004	\N
872	3101	21	2110	849	211005	\N
873	3134	21	2111	852	211101	\N
874	3101	21	2111	850	211102	\N
875	3150	21	2111	851	211103	\N
876	3140	21	2112	855	211201	\N
877	3150	21	2112	853	211202	\N
878	3150	21	2112	854	211203	\N
879	3151	21	2113	858	211301	\N
880	3151	21	2113	856	211302	\N
881	3152	21	2114	861	211401	\N
882	3150	21	2114	860	211402	\N
883	3152	21	2114	862	211403	\N
884	3104	21	2115	863	211501	\N
885	3150	21	2115	865	211502	\N
886	3150	21	2115	866	211503	\N
887	3109	21	2115	864	211504	\N
888	3102	21	2116	868	211601	\N
889	3149	21	2116	869	211602	\N
890	3101	21	2116	867	211603	\N
891	3150	21	2116	870	211604	\N
892	3110	21	2117	873	211701	\N
893	3150	21	2117	871	211702	\N
894	3150	21	2117	872	211703	\N
895	3150	21	2117	874	211704	\N
896	3154	21	2118	879	211801	\N
897	3150	21	2118	875	211802	\N
898	3101	21	2118	880	211803	\N
899	3150	21	2118	876	211804	\N
900	3150	21	2118	877	211805	\N
901	3150	21	2118	878	211806	\N
902	3150	21	2118	881	211807	\N
903	3147	21	2119	885	211901	\N
904	3150	21	2119	882	211902	\N
905	3145	21	2119	883	211903	\N
906	3146	21	2119	884	211904	\N
907	3101	21	2119	886	211905	\N
908	3150	21	2119	887	211906	\N
909	3150	21	2120	888	212001	\N
910	3150	21	2120	889	212002	\N
911	3101	21	2120	892	212003	\N
912	3101	21	2120	893	212004	\N
913	3106	21	2120	890	212005	\N
914	3122	21	2120	891	212006	\N
915	3202	22	2203	897	220301	\N
917	3205	22	2209	903	220901	\N
1015	4004	23	2317	979	231706	2013-06-19
920	3203	22	2210	907	221001	\N
922	3201	22	2211	910	221101	\N
923	3201	22	2211	908	221102	\N
925	3201	22	2213	912	221399	\N
926	3222	22	2214	914	221401	\N
927	3201	22	2214	913	221402	\N
930	4018	23	2302	922	230201	\N
931	4001	23	2302	917	230202	\N
932	4015	23	2302	920	230203	\N
933	4022	23	2302	919	230204	\N
934	4001	23	2302	918	230205	\N
935	4015	23	2302	921	230206	\N
936	4013	23	2303	923	230301	\N
937	4013	23	2303	923	230302	\N
938	4013	23	2303	923	230303	\N
939	4013	23	2303	923	230304	\N
940	4013	23	2303	923	230305	\N
941	4013	23	2303	923	230306	\N
942	4013	23	2303	923	230307	\N
943	4013	23	2303	924	230308	\N
944	4013	23	2303	925	230309	\N
945	5101	23	2304	927	230401	\N
946	5101	23	2304	926	230402	\N
947	4001	23	2305	930	230501	\N
948	4001	23	2305	929	230502	\N
949	4001	23	2305	931	230503	\N
950	4001	23	2305	932	230504	\N
951	4001	23	2305	928	230505	\N
952	4001	23	2306	935	230601	\N
953	4001	23	2306	933	230602	\N
954	4001	23	2306	934	230603	\N
955	4001	23	2307	937	230701	\N
956	4001	23	2307	938	230702	\N
957	4001	23	2307	936	230703	\N
958	4021	23	2307	939	230704	\N
959	4001	23	2308	940	230801	\N
960	4001	23	2308	941	230802	\N
961	4032	23	2309	942	230901	\N
962	4001	23	2309	944	230902	\N
963	4004	23	2309	945	230903	\N
965	4001	23	2309	946	230905	\N
966	4016	23	2310	947	231003	\N
967	4019	23	2310	950	231004	\N
968	4016	23	2310	949	231005	\N
969	4021	23	2311	952	231101	\N
970	4021	23	2311	951	231102	\N
971	4001	23	2311	953	231103	\N
972	4021	23	2311	954	231104	\N
973	4044	23	2312	959	231201	\N
974	4001	23	2312	957	231202	\N
975	4001	23	2312	958	231203	\N
976	4044	23	2312	956	231204	\N
977	4001	23	2312	955	231205	\N
978	4045	23	2312	960	231206	\N
979	4001	23	2312	961	231207	\N
980	4001	23	2313	962	231301	\N
981	4001	23	2313	962	231302	\N
982	4001	23	2313	962	231303	\N
983	4001	23	2313	962	231304	\N
984	4001	23	2313	962	231305	\N
985	4001	23	2313	962	231306	\N
986	4001	23	2313	962	231307	\N
987	4001	23	2313	962	231308	\N
988	4001	23	2313	962	231309	\N
989	4001	23	2313	962	231310	\N
990	4001	23	2313	962	231311	\N
991	4001	23	2313	962	231312	\N
992	4001	23	2313	962	231313	\N
993	4001	23	2313	962	231314	\N
994	4001	23	2313	962	231315	\N
995	4001	23	2313	962	231316	\N
996	4001	23	2313	962	231317	\N
997	4001	23	2313	963	231318	\N
998	4036	23	2314	966	231401	\N
999	4001	23	2314	965	231402	\N
1000	4036	23	2314	967	231403	\N
1001	4001	23	2314	964	231404	\N
1002	4001	23	2314	968	231405	\N
1003	4046	23	2315	972	231501	\N
1004	4037	23	2315	969	231502	\N
1005	4001	23	2315	970	231503	\N
1006	4037	23	2315	971	231504	\N
1007	4001	23	2316	974	231601	\N
1008	4047	23	2316	973	231602	\N
1009	4047	23	2316	975	231603	\N
1010	4004	23	2317	979	231701	\N
640	6201	16	1608	608	160807	2013-06-20
642	6201	16	1608	606	160809	2013-06-20
644	6201	16	1608	608	160811	2013-06-20
1016	4020	23	2318	985	231801	\N
1017	4020	23	2318	983	231802	\N
1018	4001	23	2318	984	231803	\N
1019	4001	23	2318	982	231804	\N
1020	4001	23	2319	988	231901	\N
1021	4001	23	2319	987	231902	\N
1022	4001	23	2319	986	231903	\N
1023	3158	23	2320	989	232001	\N
1024	3101	23	2320	991	232002	\N
1025	4001	23	2320	992	232003	\N
1026	4001	23	2320	993	232004	\N
1027	4005	23	2320	994	232005	\N
1028	3158	23	2320	990	232006	\N
1029	4014	23	2321	995	232101	\N
1030	4014	23	2321	995	232102	\N
1031	4001	23	2321	996	232103	\N
1032	1165	24	2401	997	240101	\N
1033	1168	24	2401	998	240102	\N
1034	1166	24	2401	1002	240103	\N
1035	1162	24	2401	999	240104	\N
1036	1030	24	2401	1000	240105	\N
1037	1160	24	2401	1001	240106	\N
1038	1160	24	2401	1003	240107	\N
1039	1160	24	2401	1004	240108	\N
1040	1160	24	2401	1005	240109	\N
1041	1162	24	2401	999	240110	\N
1042	1160	24	2401	1004	240111	\N
1043	[NUL	25	2501	1342	250101	\N
1044	2110	5	0503	110	050302	\N
1049	2103	5	0503	111	050307	\N
1050	2103	5	0503	111	050308	\N
1052	6050	3	0319	77	031902	\N
1053	1010	1	0101	1007	010103	\N
1054	1083	1	0101	1007	010104	\N
1055	1010	1	0101	1007	010105	\N
1056	1090	1	0101	1007	010106	\N
1057	1020	1	0101	1007	010107	\N
1058	1020	1	0101	1007	010108	\N
1059	1020	1	0101	1007	010109	\N
1060	1090	1	0101	1007	010110	\N
1061	1010	1	0101	1007	010111	\N
1062	1020	1	0101	1007	010112	\N
1063	1010	1	0101	1007	010114	\N
1064	1010	1	0101	1007	010115	\N
1065	1010	1	0101	1007	010116	\N
1066	1020	1	0101	1007	010117	\N
1067	1020	1	0101	1007	010118	\N
1069	1010	1	0101	1007	010120	\N
1071	1030	1	0101	1007	010122	\N
1072	7101	2	0202	1009	020201	\N
1073	7101	2	0202	1009	020202	\N
1074	7101	2	0202	1009	020203	\N
1075	7101	2	0203	1010	020301	\N
1076	7101	2	0203	1010	020302	\N
1077	7101	2	0203	1010	020303	\N
1078	7101	2	0203	1010	020304	\N
1079	7101	2	0204	1011	020401	\N
1080	7101	2	0204	1011	020403	\N
1081	7101	2	0204	1011	020404	\N
1082	7101	2	0205	1012	020501	\N
1083	7101	2	0205	1012	020502	\N
1084	7101	2	0206	1013	020601	\N
1085	7101	2	0206	1013	020602	\N
1086	7101	2	0206	1013	020603	\N
1087	6003	3	0301	1015	030101	\N
1088	6001	3	0301	1015	030102	\N
1089	6002	3	0302	1016	030201	\N
1090	6001	3	0302	1016	030202	\N
1091	6022	3	0303	1017	030301	\N
1092	6001	3	0303	1017	030302	\N
1093	6001	3	0303	1017	030303	\N
1094	6032	3	0304	1018	030401	\N
1095	6001	3	0304	1018	030402	\N
1096	6052	3	0305	1019	030501	\N
1097	6001	3	0305	1019	030502	\N
1098	6001	3	0305	1019	030503	\N
1099	6001	3	0305	1019	030504	\N
1100	6001	3	0305	1019	030505	\N
1101	6014	3	0306	1020	030601	\N
1102	6014	3	0306	1020	030602	\N
1103	8013	3	0307	1021	030701	\N
1104	6001	3	0307	1021	030702	\N
1105	6023	3	0308	1022	030801	\N
1106	6022	3	0308	1022	030802	\N
1107	6020	3	0309	1023	030901	\N
1108	6001	3	0309	1023	030902	\N
1109	6001	3	0310	1024	031001	\N
1110	6001	3	0310	1024	031002	\N
1111	6001	3	0310	1024	031003	\N
1112	6001	3	0310	1024	031004	\N
1113	6001	3	0310	1024	031005	\N
1114	6057	3	0310	1024	031006	\N
1115	6048	3	0311	1025	031101	\N
1116	6001	3	0311	1025	031102	\N
1117	6001	3	0311	1025	031103	\N
1118	6008	3	0312	1026	031201	\N
1119	6012	3	0312	1026	031202	\N
1120	6001	3	0312	1026	031203	\N
1121	6007	3	0313	1027	031301	\N
1122	6001	3	0313	1027	031302	\N
1123	6001	3	0313	1027	031303	\N
1124	6001	3	0313	1027	031304	\N
1125	6022	3	0314	1028	031401	\N
1126	6022	3	0314	1028	031402	\N
1127	6005	3	0316	1030	031601	\N
1128	6001	3	0316	1030	031602	\N
1129	6027	3	0317	1031	031701	\N
1130	6027	3	0317	1031	031702	\N
1131	6001	3	0318	1032	031801	\N
1132	6001	3	0318	1032	031802	\N
1133	6001	3	0318	1032	031803	\N
1134	6001	3	0318	1032	031804	\N
1135	6001	3	0318	1032	031805	\N
1136	6001	3	0318	1032	031806	\N
1137	6050	3	0319	1033	031901	\N
1138	2350	3	0320	1034	032001	\N
1139	6001	3	0320	1034	032002	\N
1140	6016	3	0321	1035	032101	\N
1141	6016	3	0321	1035	032102	\N
1142	7002	4	0401	1036	040101	\N
1143	7003	4	0401	1036	040102	\N
1144	7001	4	0401	1036	040103	\N
1145	7001	4	0401	1036	040104	\N
1146	7001	4	0401	1036	040105	\N
1147	7001	4	0401	1036	040106	\N
1148	7007	4	0402	1037	040201	\N
1149	7005	4	0403	1038	040301	\N
1150	7010	4	0403	1038	040302	\N
1151	7001	4	0403	1038	040303	\N
1152	0000	4	0403	1038	040304	\N
1153	7001	4	0403	1038	040305	\N
1154	0000	4	0404	1039	040401	\N
1155	0000	4	0404	1039	040402	\N
1156	0000	4	0404	1039	040403	\N
1157	0000	4	0404	1039	040404	\N
1158	0000	4	0404	1039	040405	\N
1159	7004	4	0405	1040	040501	\N
1160	0000	4	0405	1040	040502	\N
1161	7001	4	0405	1040	040503	\N
1162	7011	4	0406	1041	040601	\N
1163	7001	4	0406	1041	040602	\N
1164	7001	4	0407	1042	040701	\N
1165	0000	4	0407	1042	040702	\N
1166	7001	4	0407	1042	040703	\N
1167	7001	4	0407	1042	040704	\N
1168	2335	5	0502	1044	050201	\N
1169	2335	5	0502	1044	050202	\N
1170	2101	5	0505	1047	050501	\N
1171	2119	5	0505	1047	050502	\N
1172	2101	5	0505	1047	050503	\N
1173	2101	5	0505	1047	050504	\N
1174	2127	5	0505	1047	050505	\N
1175	2117	5	0507	1049	050701	\N
1176	2117	5	0507	1049	050702	\N
1177	2103	5	0508	1050	050801	\N
1178	2105	5	0508	1050	050802	\N
1179	2338	5	0509	1051	050901	\N
1180	2338	5	0509	1051	050902	\N
1181	2101	5	0509	1051	050903	\N
1182	2338	5	0509	1051	050904	\N
1183	2115	5	0511	1053	051101	\N
1184	2115	5	0511	1053	051102	\N
1185	2101	5	0511	1053	051103	\N
1186	2107	5	0511	1053	051104	\N
1187	2107	5	0511	1053	051105	\N
1188	2105	5	0512	1054	051201	\N
1189	2101	5	0512	1054	051202	\N
1190	2122	5	0513	1055	051301	\N
1191	2102	5	0513	1055	051302	\N
1192	2301	5	0515	1057	051501	\N
1193	2126	5	0515	1057	051502	\N
1194	2335	5	0515	1057	051503	\N
1195	2335	5	0515	1057	051504	\N
1196	2126	5	0516	1058	051601	\N
1197	2128	5	0516	1058	051602	\N
1198	2125	5	0516	1058	051603	\N
1199	2126	5	0516	1058	051604	\N
1200	0000	5	0516	1058	051605	\N
1201	2103	5	0517	1059	051701	\N
1202	2103	5	0517	1059	051702	\N
1203	2103	5	0517	1059	051703	\N
1204	5224	6	0601	1061	060101	\N
1205	5201	6	0601	1061	060102	\N
1206	5216	6	0602	1062	060201	\N
1207	5201	6	0602	1062	060202	\N
1208	5216	6	0602	1062	060203	\N
1209	2201	6	0603	1063	060301	\N
1210	2201	6	0603	1063	060302	\N
1211	2312	6	0603	1063	060303	\N
1212	5201	6	0603	1063	060304	\N
1213	5201	6	0604	1064	060401	\N
1214	5067	6	0604	1064	060402	\N
1215	5203	6	0604	1064	060403	\N
1216	5201	6	0604	1064	060404	\N
1217	5201	6	0604	1064	060405	\N
1218	5201	6	0604	1064	060406	\N
1219	5201	6	0604	1064	060407	\N
1220	5201	6	0604	1064	060408	\N
1221	5201	6	0604	1064	060409	\N
1222	5201	6	0604	1064	060410	\N
1223	5201	6	0604	1064	060411	\N
1224	5201	6	0604	1064	060412	\N
1225	5201	6	0604	1064	060413	\N
1226	5201	6	0604	1064	060414	\N
1227	5206	6	0605	1065	060501	\N
1228	5208	6	0605	1065	060502	\N
1229	5207	6	0605	1065	060503	\N
1230	5201	6	0606	1066	060601	\N
1231	5201	6	0606	1066	060602	\N
1232	5201	6	0606	1066	060603	\N
1233	5210	6	0607	1067	060701	\N
1234	5201	6	0607	1067	060702	\N
1235	5201	6	0607	1067	060703	\N
1236	5201	6	0607	1067	060704	\N
1237	5213	6	0608	1068	060801	\N
1238	5201	6	0608	1068	060802	\N
1239	5201	6	0608	1068	060803	\N
1240	5201	6	0608	1068	060804	\N
1241	5214	6	0609	1069	060901	\N
1242	5201	6	0609	1069	060902	\N
1243	5201	6	0609	1069	060903	\N
1244	5220	6	0610	1070	061001	\N
1245	5217	6	0610	1070	061002	\N
1246	5201	6	0610	1070	061003	\N
1247	5219	6	0610	1070	061004	\N
1248	5221	6	0611	1071	061101	\N
1249	5201	6	0611	1071	061102	\N
1250	5201	6	0611	1071	061103	\N
1251	5201	6	0611	1071	061104	\N
1252	5201	6	0612	1072	061201	\N
1253	5201	6	0612	1072	061202	\N
1254	5201	6	0612	1072	061203	\N
1255	8050	7	0701	1073	070101	\N
1256	8050	7	0701	1073	070102	\N
1257	8050	7	0701	1073	070103	\N
1258	8050	7	0701	1073	070104	\N
1259	8050	7	0701	1073	070105	\N
1260	8050	7	0701	1073	070106	\N
1261	8050	7	0701	1073	070107	\N
1262	8050	7	0701	1073	070108	\N
1263	8001	7	0701	1073	070109	\N
1264	8001	7	0701	1073	070110	\N
1265	8007	7	0702	1074	070201	\N
1266	8001	7	0702	1074	070202	\N
1267	8001	7	0702	1074	070203	\N
1268	8001	7	0702	1074	070204	\N
1269	8001	7	0702	1074	070205	\N
1270	8001	7	0702	1074	070206	\N
1271	8011	7	0704	1076	070401	\N
1272	8001	7	0704	1076	070402	\N
1273	8001	7	0705	1077	070501	\N
1274	8001	7	0705	1077	070502	\N
1275	8001	7	0705	1077	070503	\N
1276	8001	7	0705	1077	070504	\N
1277	8001	7	0705	1077	070505	\N
1278	8001	7	0705	1077	070506	\N
1279	8001	7	0705	1077	070507	\N
1280	8001	7	0705	1077	070508	\N
1281	8001	7	0705	1077	070509	\N
1282	8052	7	0706	1078	070601	\N
1283	8050	7	0706	1078	070602	\N
1284	8050	7	0706	1078	070603	\N
1285	8003	7	0707	1079	070701	\N
1286	8001	7	0707	1079	070702	\N
1287	8001	7	0707	1079	070703	\N
1288	8001	7	0707	1079	070704	\N
1289	8050	7	0708	1080	070801	\N
1290	8050	7	0708	1080	070802	\N
1291	8057	7	0709	1081	070901	\N
1292	8050	7	0709	1081	070902	\N
1293	8001	7	0709	1081	070903	\N
1294	8009	7	0710	1082	071001	\N
1295	8001	7	0710	1082	071002	\N
1296	8001	7	0710	1082	071003	\N
1297	8001	7	0710	1082	071004	\N
1298	8001	7	0710	1082	071005	\N
1299	2040	8	0801	1084	080101	\N
1300	2040	8	0801	1084	080102	\N
1301	2044	8	0801	1084	080103	\N
1302	2010	8	0802	1085	080201	\N
1303	2001	8	0802	1085	080202	\N
1304	2003	8	0802	1085	080203	\N
1305	2001	8	0803	1086	080301	\N
1306	2001	8	0803	1086	080302	\N
1307	2015	8	0804	1087	080401	\N
1308	2015	8	0804	1087	080402	\N
1309	2015	8	0804	1087	080403	\N
1310	2051	8	0805	1088	080501	\N
1311	2051	8	0805	1088	080502	\N
1312	2035	8	0806	1089	080601	\N
1313	2035	8	0806	1089	080602	\N
1314	2003	8	0807	1090	080701	\N
1315	2041	8	0808	1091	080801	\N
1316	2042	8	0809	1092	080901	\N
1317	2005	8	0810	1093	081001	\N
1318	2050	8	0811	1094	081101	\N
1319	2050	8	0811	1094	081102	\N
1320	2050	8	0811	1094	081103	\N
1321	2050	8	0811	1094	081104	\N
1322	2050	8	0811	1094	081105	\N
1323	2050	8	0811	1094	081106	\N
1324	2050	8	0811	1094	081107	\N
1325	2050	8	0811	1094	081108	\N
1326	2006	8	0812	1095	081201	\N
1327	2018	8	0813	1096	081301	\N
1328	2001	8	0814	1097	081401	\N
1329	2001	8	0814	1097	081402	\N
1330	2001	8	0814	1097	081403	\N
1331	2001	8	0814	1097	081405	\N
1332	2001	8	0814	1097	081406	\N
1333	2001	8	0814	1097	081407	\N
1334	2001	8	0814	1097	081408	\N
1335	2209	9	0901	1098	090101	\N
1336	2201	9	0901	1098	090102	\N
1337	2209	9	0902	1099	090201	\N
1338	2213	9	0903	1100	090301	\N
1339	2201	9	0903	1100	090302	\N
1340	2207	9	0904	1101	090401	\N
1341	2207	9	0904	1101	090402	\N
1342	2214	9	0905	1102	090501	\N
1343	2216	9	0906	1103	090601	\N
1344	2216	9	0906	1103	090602	\N
1345	2204	9	0907	1104	090701	\N
1346	2201	9	0908	1105	090801	\N
1347	2203	9	0908	1105	090802	\N
1348	2203	9	0908	1105	090803	\N
1349	2206	9	0909	1106	090901	\N
1350	6401	10	1001	1107	100101	\N
1351	6401	10	1001	1107	100102	\N
1352	6401	10	1001	1107	100103	\N
1353	6401	10	1001	1107	100104	\N
1354	6401	10	1001	1107	100105	\N
1355	6401	10	1001	1107	100106	\N
1356	6401	10	1002	1108	100201	\N
1357	6401	10	1002	1108	100202	\N
1358	6401	10	1002	1108	100203	\N
1359	6401	10	1002	1108	100204	\N
1360	6401	10	1002	1108	100205	\N
1361	6401	10	1003	1109	100301	\N
1362	6401	10	1003	1109	100302	\N
1363	6401	10	1004	1110	100401	\N
1364	6401	10	1004	1110	100402	\N
1365	6401	10	1004	1110	100403	\N
1366	6401	10	1004	1110	100404	\N
1367	6401	10	1004	1110	100405	\N
1368	6401	10	1004	1110	100406	\N
1369	6401	10	1004	1110	100407	\N
1370	6401	10	1004	1110	100408	\N
1371	2054	11	1101	1111	110101	\N
1372	4101	11	1101	1111	110102	\N
1373	4101	11	1101	1111	110103	\N
1374	4101	11	1101	1111	110104	\N
1375	4109	11	1102	1112	110201	\N
1376	4101	11	1102	1112	110202	\N
1377	4101	11	1102	1112	110203	\N
1378	4118	11	1103	1113	110301	\N
1379	4101	11	1103	1113	110302	\N
1380	4118	11	1103	1113	110303	\N
1381	4101	11	1103	1113	110304	\N
1382	4101	11	1103	1113	110305	\N
1383	4101	11	1103	1113	110306	\N
1384	4102	11	1105	1115	110501	\N
1385	4102	11	1105	1115	110502	\N
1386	4154	11	1105	1115	110503	\N
1387	4101	11	1105	1115	110504	\N
1388	4132	11	1106	1116	110601	\N
1389	4101	11	1106	1116	110602	\N
1390	4101	11	1106	1116	110603	\N
1391	4101	11	1106	1116	110604	\N
1392	4101	11	1106	1116	110605	\N
1393	4137	11	1108	1118	110801	\N
1394	4102	11	1108	1118	110802	\N
1395	4101	11	1108	1118	110803	\N
1396	4136	11	1108	1118	110804	\N
1397	4101	11	1108	1118	110805	\N
1398	4101	11	1109	1119	110901	\N
1399	4101	11	1109	1119	110902	\N
1400	4102	11	1109	1119	110903	\N
1401	4101	11	1109	1119	110904	\N
1402	4101	11	1109	1119	110905	\N
1403	4101	11	1109	1119	110906	\N
1404	4102	11	1109	1119	110907	\N
1405	4101	11	1109	1119	110908	\N
1406	4101	11	1109	1119	110909	\N
1407	4152	11	1110	1120	111001	\N
1408	4101	11	1110	1120	111002	\N
1409	4101	11	1110	1120	111003	\N
1410	4101	11	1110	1120	111004	\N
1411	4104	11	1110	1120	111005	\N
1412	4110	11	1111	1121	111101	\N
1413	4110	11	1111	1121	111102	\N
1414	4101	11	1111	1121	111103	\N
1415	4101	11	1112	1122	111201	\N
1416	4101	11	1112	1122	111202	\N
1417	4117	11	1113	1123	111301	\N
1418	4101	11	1113	1123	111302	\N
1419	4117	11	1113	1123	111303	\N
1420	4102	11	1114	1124	111401	\N
1421	4102	11	1114	1124	111402	\N
1422	4102	11	1114	1124	111403	\N
1423	4101	11	1114	1124	111404	\N
1424	4101	11	1114	1124	111405	\N
1425	4101	11	1114	1124	111406	\N
1426	4101	11	1114	1124	111407	\N
1427	2054	11	1115	1125	111501	\N
1428	4101	11	1115	1125	111502	\N
1429	4101	11	1115	1125	111503	\N
1430	4101	11	1117	1127	111701	\N
1431	4101	11	1117	1127	111702	\N
1432	4101	11	1117	1127	111703	\N
1433	4103	11	1118	1128	111801	\N
1434	4101	11	1118	1128	111802	\N
1435	4101	11	1120	1130	112001	\N
1436	4101	11	1120	1130	112002	\N
1437	4114	11	1121	1131	112101	\N
1438	4101	11	1121	1131	112102	\N
1439	4101	11	1123	1133	112301	\N
1440	4101	11	1123	1133	112302	\N
1441	4101	11	1123	1133	112303	\N
1442	4101	11	1124	1134	112401	\N
1443	4101	11	1124	1134	112402	\N
1444	4167	11	1125	1135	112501	\N
1445	4101	11	1125	1135	112502	\N
1446	4101	11	1125	1135	112503	\N
1447	4101	11	1125	1135	112504	\N
1448	4101	11	1125	1135	112505	\N
1449	2301	12	1201	1136	120101	\N
1450	2301	12	1201	1136	120102	\N
1451	2301	12	1201	1136	120103	\N
1452	2358	12	1202	1137	120201	\N
1453	2355	12	1203	1138	120301	\N
1454	2301	12	1204	1139	120401	\N
1455	2301	12	1204	1139	120402	\N
1456	2350	12	1205	1140	120501	\N
1457	2301	12	1205	1140	120502	\N
1458	2356	12	1206	1141	120601	\N
1459	8007	12	1206	1141	120602	\N
1460	2301	12	1206	1141	120603	\N
1461	2319	12	1207	1142	120701	\N
1462	2301	12	1207	1142	120702	\N
1463	2312	12	1208	1143	120801	\N
1464	2303	12	1208	1143	120802	\N
1465	2304	12	1208	1143	120803	\N
1466	2316	12	1208	1143	120804	\N
1467	2320	12	1209	1144	120901	\N
1468	2301	12	1209	1144	120902	\N
1469	2301	12	1209	1144	120903	\N
1470	2301	12	1209	1144	120904	\N
1471	2301	12	1209	1144	120905	\N
1472	2301	12	1209	1144	120906	\N
1473	2301	12	1209	1144	120907	\N
1474	2302	12	1210	1145	121001	\N
1475	2301	12	1210	1145	121002	\N
1476	2301	12	1210	1145	121003	\N
1477	2301	12	1210	1145	121004	\N
1478	2301	12	1211	1146	121101	\N
1479	2301	12	1211	1146	121102	\N
1480	2301	12	1212	1147	121201	\N
1481	2301	12	1212	1147	121202	\N
1482	2301	12	1212	1147	121203	\N
1483	2301	12	1213	1148	121301	\N
1484	2354	12	1214	1149	121401	\N
1485	2301	12	1214	1149	121402	\N
1486	2332	12	1215	1150	121501	\N
1487	2301	12	1215	1150	121502	\N
1488	3028	13	1301	1151	130101	\N
1489	3001	13	1301	1151	130102	\N
1490	3001	13	1301	1151	130103	\N
1491	3025	13	1302	1152	130201	\N
1492	3001	13	1302	1152	130202	\N
1493	3001	13	1303	1153	130301	\N
1494	3001	13	1303	1153	130302	\N
1495	3001	13	1303	1153	130303	\N
1496	3001	13	1303	1153	130304	\N
1497	3001	13	1303	1153	130305	\N
1498	3001	13	1303	1153	130306	\N
1499	3001	13	1303	1153	130307	\N
1500	3004	13	1303	1153	130308	\N
1501	3001	13	1303	1153	130309	\N
1502	3009	13	1303	1153	130310	\N
1503	3061	13	1304	1154	130401	\N
1504	3001	13	1304	1154	130402	\N
1505	3063	13	1304	1154	130403	\N
1506	3001	13	1304	1154	130404	\N
1507	3016	13	1304	1154	130405	\N
1508	3001	13	1304	1154	130406	\N
1509	3001	13	1304	1154	130407	\N
1510	3001	13	1304	1154	130408	\N
1511	3001	13	1305	1155	130501	\N
1512	3001	13	1305	1155	130502	\N
1513	3057	13	1305	1155	130503	\N
1514	3059	13	1305	1155	130504	\N
1515	3058	13	1305	1155	130505	\N
1516	3058	13	1305	1155	130506	\N
1517	3001	13	1305	1155	130507	\N
1518	3050	13	1305	1155	130508	\N
1519	3023	13	1306	1156	130601	\N
1520	3023	13	1306	1156	130602	\N
1521	3001	13	1306	1156	130603	\N
1522	3015	13	1307	1157	130701	\N
1523	3001	13	1307	1157	130702	\N
1524	3015	13	1307	1157	130703	\N
1525	3050	13	1308	1158	130801	\N
1526	3051	13	1308	1158	130802	\N
1527	3054	13	1308	1158	130803	\N
1528	3050	13	1308	1158	130804	\N
1529	3050	13	1308	1158	130805	\N
1530	3052	13	1308	1158	130806	\N
1531	3101	13	1308	1158	130807	\N
1532	3050	13	1308	1158	130808	\N
1533	3056	13	1308	1158	130809	\N
1534	3050	13	1308	1158	130810	\N
1535	3060	13	1308	1158	130811	\N
1536	3050	13	1308	1158	130812	\N
1537	3055	13	1308	1158	130813	\N
1538	3001	13	1308	1158	130814	\N
1539	3001	13	1308	1158	130815	\N
1540	3001	13	1308	1158	130816	\N
1541	3001	13	1308	1158	130817	\N
1542	3032	13	1309	1159	130901	\N
1543	3001	13	1309	1159	130902	\N
1544	3031	13	1309	1159	130903	\N
1545	3034	13	1309	1159	130904	\N
1546	5145	14	1401	1160	140101	\N
1547	5145	14	1401	1160	140102	\N
1548	5145	14	1401	1160	140103	\N
1549	5145	14	1401	1160	140104	\N
1550	5101	14	1401	1160	140105	\N
1551	5101	14	1401	1160	140106	\N
1552	5145	14	1401	1160	140107	\N
1553	5142	14	1403	1162	140301	\N
1554	5141	14	1403	1162	140302	\N
1555	5101	14	1403	1162	140303	\N
1556	5101	14	1404	1163	140401	\N
1557	5101	14	1404	1163	140402	\N
1558	5154	14	1405	1164	140501	\N
1559	5101	14	1405	1164	140502	\N
1560	5112	14	1405	1164	140503	\N
1561	5101	14	1405	1164	140504	\N
1562	5101	14	1405	1164	140505	\N
1563	5106	14	1405	1164	140506	\N
1564	5105	14	1405	1164	140507	\N
1565	5111	14	1406	1165	140601	\N
1566	5111	14	1406	1165	140602	\N
1567	5111	14	1406	1165	140603	\N
1568	5110	14	1406	1165	140604	\N
1569	5107	14	1406	1165	140605	\N
1570	5112	14	1406	1165	140606	\N
1571	5101	14	1406	1165	140607	\N
1572	5101	14	1407	1166	140701	\N
1573	5101	14	1407	1166	140702	\N
1574	5131	14	1408	1167	140801	\N
1575	5138	14	1408	1167	140802	\N
1576	5134	14	1409	1168	140901	\N
1577	5134	14	1409	1168	140902	\N
1578	5101	14	1409	1168	140903	\N
1579	5101	14	1410	1169	141001	\N
1580	5101	14	1410	1169	141002	\N
1581	5101	14	1411	1170	141101	\N
1582	3101	14	1411	1170	141102	\N
1583	5101	14	1412	1171	141201	\N
1584	5101	14	1412	1171	141202	\N
1585	5101	14	1412	1171	141203	\N
1586	5101	14	1412	1171	141204	\N
1587	5101	14	1412	1171	141205	\N
1588	5101	14	1412	1171	141206	\N
1589	5101	14	1412	1171	141207	\N
1590	5101	14	1412	1171	141208	\N
1591	5101	14	1412	1171	141209	\N
1592	5101	14	1412	1171	141210	\N
1593	5101	14	1412	1171	141211	\N
1594	5101	14	1412	1171	141212	\N
1595	5101	14	1412	1171	141213	\N
1596	5101	14	1412	1171	141214	\N
1597	5101	14	1412	1171	141215	\N
1598	3112	14	1413	1172	141301	\N
1599	3112	14	1413	1172	141302	\N
1600	5101	14	1413	1172	141303	\N
1601	5114	14	1413	1172	141304	\N
1602	5101	14	1414	1173	141401	\N
1603	5101	14	1414	1173	141402	\N
1604	5101	14	1414	1173	141403	\N
1605	5130	14	1417	1176	141701	\N
1606	5101	14	1417	1176	141702	\N
1607	5101	14	1417	1176	141703	\N
1608	5129	14	1417	1176	141704	\N
1609	5130	14	1417	1176	141705	\N
1610	5133	14	1418	1177	141801	\N
1611	5143	14	1418	1177	141802	\N
1612	5138	14	1420	1179	142001	\N
1613	5138	14	1420	1179	142002	\N
1614	5101	14	1420	1179	142003	\N
1615	5138	14	1420	1179	142004	\N
1616	5108	14	1420	1179	142005	\N
1617	5138	14	1420	1179	142006	\N
1618	5143	14	1421	1180	142101	\N
1619	5143	14	1421	1180	142102	\N
1620	5143	14	1421	1180	142103	\N
1621	5143	14	1421	1180	142104	\N
1622	5101	14	1422	1181	142201	\N
1623	5101	14	1422	1181	142202	\N
1624	3141	14	1422	1181	142203	\N
1625	3101	14	1422	1181	142204	\N
1626	5144	14	1423	1182	142301	\N
1627	5101	14	1423	1182	142302	\N
1628	1246	15	1501	1183	150101	\N
1629	0000	15	1501	1183	150102	\N
1630	0000	15	1501	1183	150103	\N
1631	1225	15	1501	1183	150104	\N
1632	1225	15	1501	1183	150105	\N
1633	0000	15	1501	1183	150106	\N
1634	0000	15	1501	1183	150107	\N
1635	0000	15	1501	1183	150108	\N
1636	1235	15	1502	1184	150201	\N
1637	0000	15	1502	1184	150202	\N
1638	1080	15	1503	1185	150301	\N
1639	1061	15	1503	1185	150302	\N
1640	1080	15	1503	1185	150303	\N
1641	1231	15	1504	1186	150401	\N
1642	1232	15	1504	1186	150402	\N
1643	1228	15	1504	1186	150403	\N
1644	1228	15	1505	1187	150501	\N
1645	1203	15	1506	1188	150601	\N
1646	1060	15	1507	1189	150701	\N
1647	1210	15	1508	1190	150801	\N
1648	0000	15	1508	1190	150802	\N
1649	1083	15	1509	1191	150901	\N
1650	1201	15	1510	1192	151001	\N
1651	0000	15	1510	1192	151002	\N
1652	1204	15	1510	1192	151003	\N
1653	0000	15	1510	1192	151004	\N
1654	1201	15	1510	1192	151005	\N
1655	1204	15	1510	1192	151006	\N
1656	1211	15	1510	1192	151007	\N
1657	1215	15	1511	1193	151101	\N
1658	1215	15	1511	1193	151102	\N
1659	1209	15	1512	1194	151201	\N
1660	1209	15	1512	1194	151202	\N
1661	1209	15	1512	1194	151203	\N
1662	1204	15	1513	1195	151301	\N
1663	1236	15	1514	1196	151401	\N
1664	1243	15	1514	1196	151402	\N
1665	1236	15	1514	1196	151403	\N
1666	1236	15	1514	1196	151404	\N
1667	1243	15	1514	1196	151405	\N
1668	1214	15	1515	1197	151501	\N
1669	1238	15	1516	1198	151601	\N
1670	1245	15	1516	1198	151602	\N
1671	1220	15	1517	1199	151701	\N
1672	1212	15	1518	1200	151801	\N
1673	1212	15	1518	1200	151802	\N
1674	1073	15	1519	1201	151901	\N
1675	1073	15	1519	1201	151902	\N
1676	1073	15	1519	1201	151903	\N
1677	1073	15	1519	1201	151904	\N
1678	1073	15	1519	1201	151905	\N
1679	1211	15	1520	1202	152001	\N
1680	1211	15	1520	1202	152002	\N
1681	1221	15	1521	1203	152101	\N
1682	1221	15	1521	1203	152102	\N
1683	6219	16	1601	1204	160101	\N
1684	6219	16	1601	1204	160102	\N
1685	6210	16	1604	1207	160401	\N
1686	6201	16	1604	1207	160402	\N
1687	6210	16	1604	1207	160403	\N
1688	6201	16	1604	1207	160404	\N
1689	6201	16	1604	1207	160405	\N
1690	6224	16	1604	1207	160406	\N
1691	6209	16	1605	1208	160501	\N
1692	6201	16	1605	1208	160502	\N
1693	6226	16	1605	1208	160503	\N
1694	6207	16	1605	1208	160504	\N
1695	6201	16	1606	1209	160601	\N
1696	6213	16	1606	1209	160602	\N
1697	6223	16	1607	1210	160701	\N
1698	6201	16	1607	1210	160702	\N
1699	6201	16	1607	1210	160703	\N
1700	6201	16	1607	1210	160704	\N
1701	6201	16	1608	1211	160801	\N
1702	6201	16	1608	1211	160802	\N
1703	6201	16	1608	1211	160803	\N
1704	6201	16	1608	1211	160804	\N
1705	6201	16	1608	1211	160805	\N
1706	6201	16	1608	1211	160806	\N
1707	6201	16	1608	1211	160807	\N
1708	6201	16	1608	1211	160808	\N
1709	6204	16	1608	1211	160809	\N
1710	6201	16	1608	1211	160810	\N
1711	6201	16	1608	1211	160811	\N
1712	6201	16	1609	1212	160901	\N
1713	6201	16	1609	1212	160902	\N
1714	6201	16	1609	1212	160903	\N
1715	6201	16	1609	1212	160904	\N
1716	6214	16	1609	1212	160905	\N
1717	6215	16	1609	1212	160906	\N
1718	6201	16	1609	1212	160907	\N
1719	6201	16	1610	1213	161001	\N
1720	6201	16	1610	1213	161002	\N
1721	6208	16	1612	1215	161201	\N
1722	6201	16	1612	1215	161202	\N
1723	6320	17	1703	1219	170301	\N
1724	6301	17	1703	1219	170302	\N
1725	6301	17	1704	1220	170401	\N
1726	6301	17	1704	1220	170402	\N
1727	6301	17	1705	1221	170501	\N
1728	6301	17	1705	1221	170502	\N
1729	6301	17	1705	1221	170503	\N
1730	6301	17	1705	1221	170504	\N
1731	6301	17	1705	1221	170505	\N
1732	6316	17	1706	1222	170601	\N
1733	6301	17	1706	1222	170602	\N
1734	6309	17	1707	1223	170701	\N
1735	6301	17	1707	1223	170702	\N
1736	6304	17	1709	1225	170901	\N
1737	6301	17	1709	1225	170902	\N
1738	6318	17	1710	1226	171001	\N
1739	6301	17	1710	1226	171002	\N
1740	6321	17	1711	1227	171101	\N
1741	6301	17	1711	1227	171102	\N
1742	3303	18	1802	1229	180201	\N
1743	3303	18	1802	1229	180202	\N
1744	3305	18	1803	1230	180301	\N
1745	3350	18	1803	1230	180302	\N
1746	3350	18	1804	1231	180401	\N
1747	3357	18	1804	1231	180402	\N
1748	3350	18	1804	1231	180403	\N
1749	3350	18	1804	1231	180404	\N
1750	3350	18	1804	1231	180405	\N
1751	3354	18	1805	1232	180501	\N
1752	3350	18	1805	1232	180502	\N
1753	3350	18	1805	1232	180503	\N
1754	3357	18	1806	1233	180601	\N
1755	3350	18	1806	1233	180602	\N
1756	3352	18	1807	1234	180701	\N
1757	3350	18	1807	1234	180702	\N
1758	3352	18	1807	1234	180703	\N
1759	3301	18	1808	1235	180801	\N
1760	3301	18	1808	1235	180802	\N
1761	3304	18	1808	1235	180803	\N
1762	3350	18	1808	1235	180804	\N
1763	3353	18	1809	1236	180901	\N
1764	3350	18	1809	1236	180902	\N
1765	3355	18	1810	1237	181001	\N
1766	3350	18	1810	1237	181002	\N
1767	3306	18	1811	1238	181101	\N
1768	3350	18	1811	1238	181102	\N
1769	3350	18	1811	1238	181103	\N
1770	3350	18	1812	1239	181201	\N
1771	3350	18	1812	1239	181202	\N
1772	3351	18	1813	1240	181301	\N
1773	3354	18	1813	1240	181302	\N
1774	3350	18	1813	1240	181303	\N
1775	3350	18	1813	1240	181304	\N
1776	3350	18	1813	1240	181305	\N
1777	3350	18	1813	1240	181306	\N
1778	3309	18	1814	1241	181401	\N
1779	3301	18	1814	1241	181402	\N
1780	3350	18	1814	1241	181403	\N
1781	3317	18	1814	1241	181404	\N
1782	6168	19	1901	1242	190101	\N
1783	6150	19	1901	1242	190102	\N
1784	6167	19	1902	1243	190201	\N
1785	6168	19	1902	1243	190202	\N
1786	6164	19	1903	1244	190301	\N
1787	6150	19	1903	1244	190302	\N
1788	6163	19	1903	1244	190303	\N
1789	6163	19	1903	1244	190304	\N
1790	6150	19	1903	1244	190305	\N
1791	6152	19	1904	1245	190401	\N
1792	6150	19	1904	1245	190402	\N
1793	6150	19	1904	1245	190403	\N
1794	6150	19	1904	1245	190404	\N
1795	6150	19	1904	1245	190405	\N
1796	6150	19	1904	1245	190406	\N
1797	6150	19	1905	1246	190501	\N
1798	6150	19	1905	1246	190502	\N
1799	6150	19	1905	1246	190503	\N
1800	6150	19	1905	1246	190504	\N
1801	6150	19	1905	1246	190505	\N
1802	6155	19	1907	1248	190701	\N
1803	6150	19	1907	1248	190702	\N
1804	6150	19	1907	1248	190703	\N
1805	6102	19	1908	1249	190801	\N
1806	6101	19	1908	1249	190802	\N
1807	6150	19	1908	1249	190803	\N
1808	6154	19	1909	1250	190901	\N
1809	6150	19	1909	1250	190902	\N
1810	6156	19	1910	1251	191001	\N
1811	6101	19	1910	1251	191002	\N
1812	6156	19	1910	1251	191003	\N
1813	6156	19	1910	1251	191004	\N
1814	6150	19	1910	1251	191005	\N
1815	6106	19	1912	1253	191201	\N
1816	6106	19	1912	1253	191202	\N
1817	6106	19	1912	1253	191203	\N
1818	6101	19	1912	1253	191204	\N
1819	6101	19	1912	1253	191205	\N
1820	6106	19	1912	1253	191206	\N
1821	6126	19	1913	1254	191301	\N
1822	6150	19	1913	1254	191302	\N
1823	6101	19	1913	1254	191303	\N
1824	6150	19	1913	1254	191304	\N
1825	6150	19	1913	1254	191305	\N
1826	6101	19	1914	1255	191401	\N
1827	6101	19	1914	1255	191402	\N
1828	6101	19	1914	1255	191403	\N
1829	6101	19	1914	1255	191404	\N
1830	6150	19	1914	1255	191405	\N
1831	6101	19	1914	1255	191406	\N
1832	6161	19	1915	1256	191501	\N
1833	6150	19	1915	1256	191502	\N
1834	6150	19	1915	1256	191503	\N
1835	6150	19	1915	1256	191504	\N
1836	5003	20	2003	1259	200301	\N
1837	5003	20	2003	1259	200302	\N
1838	5003	20	2003	1259	200303	\N
1839	5007	20	2004	1260	200401	\N
1840	5001	20	2004	1260	200402	\N
1841	5001	20	2004	1260	200403	\N
1842	5030	20	2004	1260	200404	\N
1843	5017	20	2005	1261	200501	\N
1844	5001	20	2005	1261	200502	\N
1845	5001	20	2005	1261	200503	\N
1846	5032	20	2007	1263	200701	\N
1847	5001	20	2007	1263	200702	\N
1848	5001	20	2007	1263	200703	\N
1849	5020	20	2009	1265	200901	\N
1850	5020	20	2009	1265	200902	\N
1851	5020	20	2009	1265	200903	\N
1852	5001	20	2011	1267	201101	\N
1853	5001	20	2011	1267	201102	\N
1854	5009	20	2011	1267	201103	\N
1855	5022	20	2012	1268	201201	\N
1856	5022	20	2012	1268	201202	\N
1857	5022	20	2012	1268	201203	\N
1858	5030	20	2014	1270	201401	\N
1859	5030	20	2014	1270	201402	\N
1860	5001	20	2014	1270	201403	\N
1861	5001	20	2014	1270	201404	\N
1862	5001	20	2015	1271	201501	\N
1863	5010	20	2015	1271	201502	\N
1864	5001	20	2015	1271	201503	\N
1865	5002	20	2016	1272	201601	\N
1866	5001	20	2016	1272	201602	\N
1867	5001	20	2016	1272	201603	\N
1868	5001	20	2016	1272	201604	\N
1869	5036	20	2017	1273	201701	\N
1870	5033	20	2017	1273	201702	\N
1871	5038	20	2019	1275	201901	\N
1872	5001	20	2019	1275	201902	\N
1873	5048	20	2020	1276	202001	\N
1874	5048	20	2020	1276	202002	\N
1875	5038	20	2022	1278	202201	\N
1876	5001	20	2022	1278	202202	\N
1877	5001	20	2022	1278	202203	\N
1878	5001	20	2023	1279	202301	\N
1879	5001	20	2023	1279	202302	\N
1880	5001	20	2023	1279	202303	\N
1881	5001	20	2023	1279	202304	\N
1882	5001	20	2023	1279	202305	\N
1883	5001	20	2026	1282	202601	\N
1884	5001	20	2026	1282	202602	\N
1885	5001	20	2026	1282	202603	\N
1886	5058	20	2028	1284	202801	\N
1887	5001	20	2028	1284	202802	\N
1888	5001	20	2028	1284	202803	\N
1889	5001	20	2028	1284	202804	\N
1890	3113	21	2101	1286	210101	\N
1891	3150	21	2101	1286	210102	\N
1892	3150	21	2101	1286	210103	\N
1893	3150	21	2101	1286	210104	\N
1894	3103	21	2102	1287	210201	\N
1895	3150	21	2102	1287	210202	\N
1896	3150	21	2102	1287	210203	\N
1897	3150	21	2102	1287	210204	\N
1898	3115	21	2102	1287	210205	\N
1899	3101	21	2102	1287	210206	\N
1900	3150	21	2102	1287	210207	\N
1901	3150	21	2102	1287	210208	\N
1902	3118	21	2102	1287	210209	\N
1903	3103	21	2102	1287	210210	\N
1904	3119	21	2102	1287	210211	\N
1905	3101	21	2102	1287	210212	\N
1906	3101	21	2103	1288	210301	\N
1907	3150	21	2103	1288	210302	\N
1908	3150	21	2103	1288	210303	\N
1909	3124	21	2104	1289	210401	\N
1910	3150	21	2104	1289	210402	\N
1911	3157	21	2104	1289	210403	\N
1912	3129	21	2104	1289	210404	\N
1913	3128	21	2104	1289	210405	\N
1914	3101	21	2104	1289	210406	\N
1915	3150	21	2104	1289	210407	\N
1916	3123	21	2105	1290	210501	\N
1917	3125	21	2105	1290	210502	\N
1918	3150	21	2105	1290	210503	\N
1919	3150	21	2105	1290	210504	\N
1920	3101	21	2105	1290	210505	\N
1921	3105	21	2106	1291	210601	\N
1922	3105	21	2106	1291	210602	\N
1923	3135	21	2106	1291	210603	\N
1924	3150	21	2106	1291	210604	\N
1925	3150	21	2107	1292	210701	\N
1926	3101	21	2107	1292	210702	\N
1927	3150	21	2107	1292	210703	\N
1928	3116	21	2108	1293	210801	\N
1929	3147	21	2108	1293	210802	\N
1930	3127	21	2109	1294	210901	\N
1931	3150	21	2109	1294	210902	\N
1932	3108	21	2109	1294	210903	\N
1933	3150	21	2109	1294	210904	\N
1934	3107	21	2110	1295	211001	\N
1935	3101	21	2110	1295	211002	\N
1936	3150	21	2110	1295	211003	\N
1937	3101	21	2110	1295	211004	\N
1938	3101	21	2110	1295	211005	\N
1939	3134	21	2111	1296	211101	\N
1940	3101	21	2111	1296	211102	\N
1941	3150	21	2111	1296	211103	\N
1942	3140	21	2112	1297	211201	\N
1943	3150	21	2112	1297	211202	\N
1944	3150	21	2112	1297	211203	\N
1945	3151	21	2113	1298	211301	\N
1946	3151	21	2113	1298	211302	\N
1947	3152	21	2114	1299	211401	\N
1948	3150	21	2114	1299	211402	\N
1949	3152	21	2114	1299	211403	\N
1950	3104	21	2115	1300	211501	\N
1951	3150	21	2115	1300	211502	\N
1952	3150	21	2115	1300	211503	\N
1953	3109	21	2115	1300	211504	\N
1954	3102	21	2116	1301	211601	\N
1955	3149	21	2116	1301	211602	\N
1956	3101	21	2116	1301	211603	\N
1957	3150	21	2116	1301	211604	\N
1958	3110	21	2117	1302	211701	\N
1959	3150	21	2117	1302	211702	\N
1960	3150	21	2117	1302	211703	\N
1961	3150	21	2117	1302	211704	\N
1962	3154	21	2118	1303	211801	\N
1963	3150	21	2118	1303	211802	\N
1964	3101	21	2118	1303	211803	\N
1965	3150	21	2118	1303	211804	\N
1966	3150	21	2118	1303	211805	\N
1967	3150	21	2118	1303	211806	\N
1968	3150	21	2118	1303	211807	\N
1969	3147	21	2119	1304	211901	\N
1970	3150	21	2119	1304	211902	\N
1971	3145	21	2119	1304	211903	\N
1972	3146	21	2119	1304	211904	\N
1973	3101	21	2119	1304	211905	\N
1974	3150	21	2119	1304	211906	\N
1975	3150	21	2120	1305	212001	\N
1976	3150	21	2120	1305	212002	\N
1977	3101	21	2120	1305	212003	\N
1978	3101	21	2120	1305	212004	\N
1979	3106	21	2120	1305	212005	\N
1980	3122	21	2120	1305	212006	\N
1981	3202	22	2203	1308	220301	\N
1982	3209	22	2203	1308	220302	\N
1983	3205	22	2209	1314	220901	\N
1984	3214	22	2209	1314	220902	\N
1985	3201	22	2209	1314	220903	\N
1986	3203	22	2210	1315	221001	\N
1987	3201	22	2210	1315	221002	\N
1988	3201	22	2211	1316	221101	\N
1989	3201	22	2211	1316	221102	\N
1990	3206	22	2211	1316	221103	\N
1991	3201	22	2213	1318	221399	\N
1992	3222	22	2214	1319	221401	\N
1993	3201	22	2214	1319	221402	\N
1994	4001	23	2301	1320	230101	\N
1995	4001	23	2301	1320	230102	\N
1996	4018	23	2302	1321	230201	\N
1997	4001	23	2302	1321	230202	\N
1998	4015	23	2302	1321	230203	\N
1999	4022	23	2302	1321	230204	\N
2000	4001	23	2302	1321	230205	\N
2001	4015	23	2302	1321	230206	\N
2002	4013	23	2303	1322	230301	\N
2003	4013	23	2303	1322	230302	\N
2004	4013	23	2303	1322	230303	\N
2005	4013	23	2303	1322	230304	\N
2006	4013	23	2303	1322	230305	\N
2007	4013	23	2303	1322	230306	\N
2008	4013	23	2303	1322	230307	\N
2009	4013	23	2303	1322	230308	\N
2010	4013	23	2303	1322	230309	\N
2011	5101	23	2304	1323	230401	\N
2012	5101	23	2304	1323	230402	\N
2013	4001	23	2305	1324	230501	\N
2014	4001	23	2305	1324	230502	\N
2015	4001	23	2305	1324	230503	\N
2016	4001	23	2305	1324	230504	\N
2017	4001	23	2305	1324	230505	\N
2018	4001	23	2306	1325	230601	\N
2019	4001	23	2306	1325	230602	\N
2020	4001	23	2306	1325	230603	\N
2021	4001	23	2307	1326	230701	\N
2022	4001	23	2307	1326	230702	\N
2023	4001	23	2307	1326	230703	\N
2024	4021	23	2307	1326	230704	\N
2025	4001	23	2308	1327	230801	\N
2026	4001	23	2308	1327	230802	\N
2027	4032	23	2309	1328	230901	\N
2028	4001	23	2309	1328	230902	\N
2029	4004	23	2309	1328	230903	\N
2030	4001	23	2309	1328	230904	\N
2031	4001	23	2309	1328	230905	\N
2032	4019	23	2310	1329	231001	\N
2033	4019	23	2310	1329	231002	\N
2034	4016	23	2310	1329	231003	\N
2035	4019	23	2310	1329	231004	\N
2036	4016	23	2310	1329	231005	\N
2037	4021	23	2311	1330	231101	\N
2038	4021	23	2311	1330	231102	\N
2039	4001	23	2311	1330	231103	\N
2040	4021	23	2311	1330	231104	\N
2041	4044	23	2312	1331	231201	\N
2042	4001	23	2312	1331	231202	\N
2043	4001	23	2312	1331	231203	\N
2044	4044	23	2312	1331	231204	\N
2045	4001	23	2312	1331	231205	\N
2046	4045	23	2312	1331	231206	\N
2047	4001	23	2312	1331	231207	\N
2048	4001	23	2313	1332	231301	\N
2049	4001	23	2313	1332	231302	\N
2050	4001	23	2313	1332	231303	\N
2051	4001	23	2313	1332	231304	\N
2052	4001	23	2313	1332	231305	\N
2053	4001	23	2313	1332	231306	\N
2054	4001	23	2313	1332	231307	\N
2055	4001	23	2313	1332	231308	\N
2056	4001	23	2313	1332	231309	\N
2057	4001	23	2313	1332	231310	\N
2058	4001	23	2313	1332	231311	\N
2059	4001	23	2313	1332	231312	\N
2060	4001	23	2313	1332	231313	\N
2061	4001	23	2313	1332	231314	\N
2062	4001	23	2313	1332	231315	\N
2063	4001	23	2313	1332	231316	\N
2064	4001	23	2313	1332	231317	\N
2065	4001	23	2313	1332	231318	\N
2066	4036	23	2314	1333	231401	\N
2067	4001	23	2314	1333	231402	\N
2068	4036	23	2314	1333	231403	\N
2069	4001	23	2314	1333	231404	\N
2070	4001	23	2314	1333	231405	\N
2071	4046	23	2315	1334	231501	\N
2072	4037	23	2315	1334	231502	\N
2073	4001	23	2315	1334	231503	\N
2074	4037	23	2315	1334	231504	\N
2075	4001	23	2316	1335	231601	\N
2076	4047	23	2316	1335	231602	\N
2077	4047	23	2316	1335	231603	\N
2078	4004	23	2317	1336	231701	\N
2079	4001	23	2317	1336	231702	\N
2080	4004	23	2317	1336	231703	\N
2081	4004	23	2317	1336	231704	\N
2082	4004	23	2317	1336	231705	\N
2083	4004	23	2317	1336	231706	\N
2084	4020	23	2318	1337	231801	\N
2085	4020	23	2318	1337	231802	\N
2086	4001	23	2318	1337	231803	\N
2087	4001	23	2318	1337	231804	\N
2088	4001	23	2319	1338	231901	\N
2089	4001	23	2319	1338	231902	\N
2090	4001	23	2319	1338	231903	\N
2091	3158	23	2320	1339	232001	\N
2092	3101	23	2320	1339	232002	\N
2093	4001	23	2320	1339	232003	\N
2094	4001	23	2320	1339	232004	\N
2095	4005	23	2320	1339	232005	\N
2096	3158	23	2320	1339	232006	\N
2097	4014	23	2321	1340	232101	\N
2098	4014	23	2321	1340	232102	\N
2099	4001	23	2321	1340	232103	\N
2100	1165	24	2401	1341	240101	\N
2101	1168	24	2401	1341	240102	\N
2102	1166	24	2401	1341	240103	\N
2103	1162	24	2401	1341	240104	\N
2104	1030	24	2401	1341	240105	\N
2105	1160	24	2401	1341	240106	\N
2106	1160	24	2401	1341	240107	\N
2107	1160	24	2401	1341	240108	\N
2108	1160	24	2401	1341	240109	\N
2109	1162	24	2401	1341	240110	\N
2110	1160	24	2401	1341	240111	\N
2111	2110	5 	0503	1045	050302	\N
2112	2103	5 	0503	1045	050303	\N
2113	2101	5 	0503	1045	050304	\N
2114	2101	5 	0503	1045	050305	\N
2115	2101	5 	0503	1045	050306	\N
2116	2103	5 	0503	1045	050307	\N
2117	2103	5 	0503	1045	050308	\N
2118	2101	5 	0503	1045	050309	\N
2119	6050	3 	0319	1033	031902	\N
2120	6054	3 	0315	67	031599	\N
2121	2120	5 	0501	107	050199	\N
2122	2123	5 	0504	112	050499	\N
2123	2118	5 	0506	118	050699	\N
2124	2340	5 	0510	127	051099	\N
2126	2112	5 	0518	150	051899	\N
2127	8056	7 	0703	207	070399	\N
2128	8054	7 	0711	231	071199	\N
2129	4101	11	1104	304	110499	\N
2130	4118	11	1107	313	110799	\N
2131	4101	11	1116	349	111699	\N
2132	4110	11	1119	355	111999	\N
2133	4101	11	1122	360	112299	\N
2134	5102	14	1402	467	140299	\N
2135	5101	14	1415	506	141599	\N
2136	5124	14	1416	507	141699	\N
2137	5116	14	1419	515	141999	\N
2139	6211	16	1603	587	160399	\N
2140	6221	16	1611	619	161199	\N
2141	6201	16	1613	622	161399	\N
2142	6301	17	1701	623	170199	\N
2143	6311	17	1702	624	170299	\N
2144	6301	17	1708	638	170899	\N
2145	3302	18	1801	645	180199	\N
2146	6107	19	1906	703	190699	\N
2147	6110	19	1911	717	191199	\N
2148	5012	20	2001	738	200199	\N
2149	5001	20	2002	739	200299	\N
2150	5051	20	2006	750	200699	\N
2151	5054	20	2008	754	200899	\N
2152	5015	20	2010	758	201099	\N
2153	5021	20	2013	765	201399	\N
2154	5037	20	2018	779	201899	\N
2155	5030	20	2021	784	202199	\N
2156	5027	20	2024	790	202499	\N
2157	5038	20	2025	791	202599	\N
2158	5001	20	2027	795	202799	\N
2159	5038	20	2029	800	202999	\N
2160	3201	22	2201	894	220199	\N
2161	3210	22	2202	895	220299	\N
2162	3201	22	2204	898	220499	\N
2163	3201	22	2205	899	220599	\N
2164	3211	22	2206	900	220699	\N
2165	3201	22	2207	901	220799	\N
2166	3201	22	2208	902	220899	\N
2167	3207	22	2212	911	221299	\N
2168	6054	3 	0315	1029	031599	\N
2169	2120	5 	0501	1043	050199	\N
2170	2123	5 	0504	1046	050499	\N
2171	2118	5 	0506	1048	050699	\N
2172	2340	5 	0510	1052	051099	\N
2173	2121	5 	0514	1056	051499	\N
2174	2112	5 	0518	1060	051899	\N
2175	8056	7 	0703	1075	070399	\N
2176	8054	7 	0711	1083	071199	\N
2177	4101	11	1104	1114	110499	\N
2178	4118	11	1107	1117	110799	\N
2179	4101	11	1116	1126	111699	\N
2180	4110	11	1119	1129	111999	\N
2181	4101	11	1122	1132	112299	\N
2182	5102	14	1402	1161	140299	\N
2183	5101	14	1415	1174	141599	\N
2184	5124	14	1416	1175	141699	\N
2185	5116	14	1419	1178	141999	\N
2186	6201	16	1602	1205	160299	\N
2187	6211	16	1603	1206	160399	\N
2188	6221	16	1611	1214	161199	\N
2189	6201	16	1613	1216	161399	\N
2190	6301	17	1701	1217	170199	\N
2191	6311	17	1702	1218	170299	\N
2192	6301	17	1708	1224	170899	\N
2193	3302	18	1801	1228	180199	\N
2194	6107	19	1906	1247	190699	\N
2195	6110	19	1911	1252	191199	\N
2196	5012	20	2001	1257	200199	\N
2197	5001	20	2002	1258	200299	\N
2198	5051	20	2006	1262	200699	\N
2199	5054	20	2008	1264	200899	\N
2200	5015	20	2010	1266	201099	\N
2201	5021	20	2013	1269	201399	\N
2202	5037	20	2018	1274	201899	\N
2203	5030	20	2021	1277	202199	\N
2204	5027	20	2024	1280	202499	\N
2205	5038	20	2025	1281	202599	\N
2206	5001	20	2027	1283	202799	\N
2207	5038	20	2029	1285	202999	\N
2208	3201	22	2201	1306	220199	\N
2209	3210	22	2202	1307	220299	\N
2210	3201	22	2204	1309	220499	\N
2211	3201	22	2205	1310	220599	\N
2212	3211	22	2206	1311	220699	\N
2213	3201	22	2207	1312	220799	\N
2214	3201	22	2208	1313	220899	\N
2215	3207	22	2212	1317	221299	\N
2216	1010	1 	0101	2	010101	\N
2217	1010	1 	0101	1007	010101	\N
2218	7101	2 	0201	3	020101	\N
2219	7101	2 	0201	1008	020101	\N
2220	7101	2 	0201	7	020102	\N
2221	7101	2 	0201	1008	020102	\N
2222	7101	2 	0201	5	020103	\N
2223	7101	2 	0201	1008	020103	\N
2224	7101	2 	0201	6	020104	\N
2225	7101	2 	0207	26	020701	\N
2226	7101	2 	0207	1014	020701	\N
2227	7101	2 	0207	23	020702	\N
2228	7101	2 	0207	1014	020702	\N
2229	7101	2 	0207	25	020703	\N
2230	3153	21	2113	857	211303	\N
2231	3153	21	2113	1298	211303	\N
2232	3156	21	2113	859	211304	\N
2233	3156	21	2113	1298	211304	\N
7	1050	1	0101	2	010109	2012-12-18
1068	1020	1	0101	1007	010119	\N
2234	1000	1	0101	2	010102	2013-01-09
2235	1000	1	0101	2	010113	2013-01-09
2236	5101	14	1412	498	141204	2013-01-09
2237	5101	14	1412	498	141205	2013-01-09
2238	5101	14	1412	498	141206	2013-01-09
2239	5101	14	1412	498	141202	2013-01-09
2240	5101	14	1412	498	141209	2013-01-09
2241	5101	14	1412	498	141210	2013-01-09
2242	5101	14	1412	498	141211	2013-01-09
2243	5115	14	1412	498	141212	2013-01-09
2244	5101	14	1412	498	141203	2013-01-09
2245	5101	14	1412	498	141213	2013-01-09
2246	6201	16	1608	608	160802	2013-01-09
2247	6201	16	1608	608	160803	2013-01-09
2248	6201	16	1608	608	160804	2013-01-09
2249	6201	16	1608	608	160805	2013-01-09
2250	6201	16	1608	608	160806	2013-01-09
2251	4016	23	2310	948	231001	2013-01-09
2252	4019	23	2310	948	231002	2013-01-09
924	3206	22	2211	910	221103	\N
2253	2001	8	0815	254	081501	2013-06-13
262	2011	8	0807	244	080701	2013-06-13
645	6206	16	1609	611	160901	2013-06-20
2138	6205	16	1602	586	160299	2013-06-20
633	6217	16	1606	599	160601	2013-06-20
652	6218	16	1610	618	161001	2013-06-20
472	3015	13	1307	438	130703	\N
1046	2103	5	0503	111	050304	2013-07-08
1047	2103	5	0503	111	050305	2013-07-08
1048	2103	5	0503	111	050306	2013-07-08
1051	2103	5	0503	111	050309	2013-07-08
132	2115	5	0511	132	051102	2013-07-08
133	2115	5	0511	132	051103	2013-07-08
357	4152	11	1110	329	111003	2013-06-12
358	4152	11	1110	329	111004	2013-06-12
359	4153	11	1110	329	111005	2013-06-12
392	4166	11	1125	369	112501	2013-06-12
393	4167	11	1125	366	112502	2013-06-12
394	4167	11	1125	367	112503	2013-06-12
395	4167	11	1125	368	112504	2013-06-12
396	4167	11	1125	370	112505	2013-06-12
386	4114	11	1121	358	112102	2013-06-12
337	4132	11	1106	311	110602	2013-06-12
338	4134	11	1106	311	110603	2013-06-12
339	4132	11	1106	311	110604	2013-06-12
340	4132	11	1106	311	110605	2013-06-12
342	4135	11	1108	315	110802	2013-06-12
343	4137	11	1108	315	110803	2013-06-12
344	4136	11	1108	315	110804	2013-06-12
345	4137	11	1108	315	110805	2013-06-12
323	4116	11	1102	297	110201	2013-06-12
324	4113	11	1102	297	110202	2013-06-12
325	4114	11	1102	297	110203	2013-06-12
50	6014	3	0306	41	030602	2013-06-12
135	2115	5	0511	132	051105	2013-07-08
134	2107	5	0511	132	051104	2013-07-08
117	2335	5	0502	108	050202	2013-07-08
128	2338	5	0509	125	050902	2013-07-08
129	2101	5	0509	125	050903	2013-07-08
130	2338	5	0509	125	050904	2013-07-08
136	2119	5	0512	133	051201	2013-07-08
150	2103	5	0517	149	051702	2013-07-08
151	2103	5	0517	149	051703	2013-07-08
125	2105	5	0508	122	050801	2013-07-08
126	2105	5	0508	122	050802	2013-07-08
118	2121	5	0505	113	050501	2013-07-08
119	2121	5	0505	113	050502	2013-07-08
120	2121	5	0505	113	050503	2013-07-08
121	2121	5	0505	113	050504	2013-07-08
146	2126	5	0516	144	051603	2013-07-08
147	2126	5	0516	146	051604	2013-07-08
148	2126	5	0516	143	051605	2013-07-08
124	2117	5	0507	120	050702	2013-07-08
141	2334	5	0515	138	051502	2013-07-08
142	2334	5	0515	138	051503	2013-07-08
143	2334	5	0515	138	051504	2013-07-08
916	3209	22	2203	897	220302	2013-06-11
918	3214	22	2209	903	220902	2013-06-11
919	3201	22	2209	903	220903	2013-06-11
921	3201	22	2210	907	221002	2013-06-11
437	3001	13	1301	412	130102	2013-06-11
438	3001	13	1301	412	130103	2013-06-11
440	3001	13	1302	413	130202	2013-06-11
458	3001	13	1304	424	130408	2013-06-11
452	3001	13	1304	424	130402	2013-06-11
457	3001	13	1304	424	130407	2013-06-11
454	3001	13	1304	424	130404	2013-06-11
455	3016	13	1304	424	130405	2013-06-11
456	3001	13	1304	424	130406	2013-06-11
468	3023	13	1306	436	130602	\N
469	3001	13	1306	436	130603	2013-06-11
471	3001	13	1307	440	130702	2013-06-11
493	3034	13	1309	461	130904	\N
492	3031	13	1309	461	130903	2013-06-11
491	3001	13	1309	461	130902	2013-06-11
460	3001	13	1305	429	130502	2013-06-11
461	3057	13	1305	429	130503	2013-06-11
462	3059	13	1305	429	130504	2013-06-11
465	3001	13	1305	429	130507	2013-06-11
466	3050	13	1305	429	130508	2013-06-11
489	3001	13	1308	446	130817	2013-06-11
474	3051	13	1308	446	130802	2013-06-11
475	3054	13	1308	446	130803	2013-06-11
476	3050	13	1308	446	130804	2013-06-11
477	3050	13	1308	446	130805	2013-06-11
478	3052	13	1308	446	130806	2013-06-11
479	3101	13	1308	446	130807	2013-06-11
480	3050	13	1308	446	130808	2013-06-11
487	3001	13	1308	446	130815	2013-06-11
481	3056	13	1308	446	130809	2013-06-11
482	3050	13	1308	446	130810	2013-06-11
1045	2101	5	0503	111	050303	2013-07-08
2125	1030	5 	0514	137	051499	2013-07-08
335	4101	11	1105	307	110504	2013-06-12
139	2122	5	0513	136	051302	2013-07-08
122	2121	5	0505	117	050505	2013-07-08
326	4117	11	1103	300	110301	2013-06-12
368	4101	11	1114	345	111401	2013-06-12
369	4101	11	1114	345	111402	2013-06-12
356	4136	11	1110	329	111002	2013-06-12
1012	4004	23	2317	979	231703	2013-06-13
1013	4004	23	2317	979	231704	2013-06-13
1014	4004	23	2317	979	231705	2013-06-13
2254	3150	21	2118	1688	21182	2014-06-30
2255	3150	21	2118	1688	21183	2014-06-30
2256	3150	21	2118	1688	21184	2014-06-30
2257	3150	21	2118	1688	21185	2014-06-30
2258	3150	21	2118	1688	21186	2014-06-30
2259	3150	21	2118	1688	21187	2014-06-30
2260	3150	21	2118	1688	21181	2014-06-30
2261	3101	21	2120	1687	21202	2014-06-30
2262	3101	21	2120	1687	21203	2014-06-30
2263	3106	21	2120	1687	21204	2014-06-30
2264	3106	21	2120	1687	21205	2014-06-30
2265	3122	21	2120	1687	21206	2014-06-30
2266	3101	21	2120	1687	21201	2014-06-30
483	3060	13	1308	446	130811	2013-06-11
484	3050	13	1308	446	130812	2013-06-11
485	3055	13	1308	446	130813	2013-06-11
488	3001	13	1308	446	130816	2013-06-11
486	3001	13	1308	446	130814	2013-06-11
1070	1030	1	0101	1007	010121	\N
18	1030	1	0101	2	010121	\N